10 0 0.132031 0.414062 0.104687 0.096875 0.844737 
10 0 0.735937 0.339844 0.065625 0.0609375 0.822469 
10 0 0.260156 0.421875 0.0953125 0.08125 0.811839 
10 0 0.322656 0.35 0.0859375 0.06875 0.786641 
10 0 0.525 0.482031 0.115625 0.0921875 0.776155 
10 0 0.8125 0.452344 0.109375 0.0796875 0.745844 
10 0 0.0328125 0.444531 0.065625 0.0953125 0.7317 
10 0 0.374219 0.563281 0.114063 0.0859375 0.707141 
10 0 0.334375 0.503906 0.11875 0.0859375 0.703523 
10 0 0.663281 0.554688 0.129688 0.1 0.574981 
10 0 0.246875 0.311719 0.084375 0.0640625 0.542951 
10 0 0.0476562 0.285156 0.0796875 0.0640625 0.505287 
