1000 0 0.875 0.346094 0.078125 0.0796875 0.83965 
1000 0 0.402344 0.371094 0.0953125 0.0765625 0.823546 
1000 0 0.090625 0.610156 0.121875 0.0984375 0.784654 
1000 1 0.125781 0.371094 0.204688 0.201562 0.768422 
1000 0 0.805469 0.340625 0.0671875 0.075 0.734135 
1000 0 0.345313 0.339063 0.08125 0.065625 0.691765 
1000 0 0.21875 0.295312 0.0625 0.05625 0.592321 
1000 0 0.460938 0.336719 0.071875 0.0578125 0.584784 
1000 0 0.199219 0.666406 0.132812 0.0984375 0.57462 
1000 0 0.0242187 0.270312 0.0484375 0.071875 0.447128 
