103 0 0.76875 0.451562 0.103125 0.075 0.841249 
103 0 0.25625 0.369531 0.0875 0.0765625 0.804722 
103 0 0.0554687 0.625781 0.107813 0.0984375 0.799442 
103 0 0.7 0.414844 0.09375 0.0671875 0.776972 
103 0 0.857813 0.355469 0.06875 0.0640625 0.762871 
103 0 0.157813 0.4 0.075 0.075 0.760772 
103 0 0.610937 0.378906 0.0875 0.0671875 0.757306 
103 0 0.235938 0.644531 0.13125 0.107813 0.75473 
103 0 0.163281 0.279687 0.0734375 0.059375 0.649641 
103 0 0.773438 0.327344 0.0625 0.0609375 0.610884 
103 0 0.0375 0.282813 0.0625 0.0625 0.609349 
103 0 0.6125 0.5875 0.128125 0.10625 0.46054 
103 0 0.246094 0.305469 0.0796875 0.0703125 0.42293 
103 0 0.815625 0.339844 0.05625 0.0609375 0.418304 
