112 0 0.6625 0.824219 0.28125 0.289062 0.894563 
112 0 0.0882813 0.620313 0.0984375 0.078125 0.761231 
112 0 0.796875 0.648438 0.121875 0.10625 0.759493 
112 0 0.211719 0.660156 0.0984375 0.104687 0.757817 
112 0 0.960938 0.667188 0.078125 0.1 0.724466 
112 0 0.380469 0.590625 0.0796875 0.065625 0.703902 
112 0 0.610156 0.616406 0.0890625 0.0828125 0.69563 
112 0 0.475 0.597656 0.084375 0.0640625 0.689073 
112 0 0.703125 0.630469 0.090625 0.0828125 0.621862 
112 0 0.935156 0.604688 0.0890625 0.090625 0.486451 
