12 1 0.671875 0.360938 0.20625 0.14375 0.788691 
12 0 0.40625 0.529688 0.11875 0.09375 0.786602 
12 0 0.535937 0.484375 0.115625 0.096875 0.76796 
12 0 0.871094 0.467187 0.114063 0.0875 0.741163 
12 0 0.05625 0.621094 0.1125 0.135937 0.722536 
12 0 0.692187 0.555469 0.13125 0.104687 0.697391 
12 0 0.148438 0.45625 0.1125 0.1 0.693433 
12 0 0.223438 0.445312 0.0875 0.08125 0.650672 
12 0 0.259375 0.38125 0.0875 0.071875 0.619285 
12 0 0.811719 0.339063 0.0796875 0.08125 0.516947 
12 0 0.200781 0.646875 0.170312 0.140625 0.505011 
