126 0 0.325 0.321875 0.078125 0.059375 0.854315 
126 0 0.560938 0.491406 0.109375 0.0984375 0.845542 
126 0 0.278125 0.490625 0.103125 0.09375 0.832572 
126 0 0.0476562 0.39375 0.0921875 0.09375 0.80657 
126 0 0.86875 0.353906 0.071875 0.0671875 0.801687 
126 0 0.805469 0.332812 0.0828125 0.090625 0.751178 
126 0 0.0851562 0.278125 0.0734375 0.06875 0.750333 
126 0 0.226562 0.4125 0.10625 0.084375 0.707337 
126 0 0.205469 0.667969 0.126563 0.0953125 0.563198 
126 0 0.757031 0.334375 0.0609375 0.071875 0.52769 
126 0 0.122656 0.646094 0.126563 0.101562 0.515597 
126 0 0.517969 0.595312 0.110937 0.1 0.49994 
126 0 0.25 0.371094 0.084375 0.0671875 0.479922 
126 0 0.189063 0.371875 0.078125 0.075 0.45228 
126 0 0.0796875 0.60625 0.11875 0.090625 0.413924 
