135 0 0.653906 0.514844 0.126563 0.110937 0.860177 
135 0 0.207031 0.383594 0.0890625 0.0796875 0.832272 
135 1 0.810156 0.289062 0.179688 0.15625 0.823199 
135 0 0.775781 0.451562 0.107813 0.0875 0.791964 
135 0 0.427344 0.524219 0.110937 0.110937 0.786263 
135 0 0.428125 0.34375 0.075 0.0625 0.765446 
135 0 0.171094 0.317969 0.0765625 0.0578125 0.737028 
135 0 0.860156 0.446875 0.0859375 0.071875 0.727342 
135 0 0.09375 0.628125 0.175 0.153125 0.719714 
135 0 0.875781 0.35 0.0765625 0.075 0.693238 
135 0 0.507031 0.376563 0.0796875 0.065625 0.502858 
135 0 0.0492188 0.271094 0.0734375 0.0578125 0.474827 
