136 0 0.720312 0.435156 0.1 0.0828125 0.832975 
136 0 0.338281 0.502344 0.145313 0.0984375 0.82818 
136 1 0.0992187 0.442187 0.198437 0.228125 0.804587 
136 0 0.866406 0.353906 0.0671875 0.0640625 0.787061 
136 0 0.622656 0.380469 0.0828125 0.0671875 0.775999 
136 0 0.380469 0.367188 0.0796875 0.0625 0.759154 
136 0 0.127344 0.596094 0.120312 0.0890625 0.758569 
136 0 0.763281 0.335938 0.0640625 0.0625 0.70836 
136 0 0.101562 0.280469 0.075 0.0609375 0.667812 
136 0 0.825 0.339844 0.065625 0.0609375 0.634333 
136 0 0.88125 0.424219 0.09375 0.0734375 0.630146 
136 0 0.185156 0.276563 0.0859375 0.065625 0.539851 
136 0 0.416406 0.346875 0.0734375 0.065625 0.497902 
