138 0 0.788281 0.4125 0.0953125 0.06875 0.857127 
138 0 0.08125 0.436719 0.103125 0.0921875 0.818677 
138 0 0.599219 0.392969 0.0921875 0.0703125 0.81776 
138 0 0.246875 0.425 0.096875 0.078125 0.769593 
138 0 0.240625 0.294531 0.078125 0.0640625 0.769403 
138 0 0.0609375 0.611719 0.121875 0.0953125 0.763347 
138 0 0.746875 0.339063 0.06875 0.059375 0.758037 
138 0 0.870313 0.349219 0.065625 0.0609375 0.748461 
138 0 0.108594 0.28125 0.0734375 0.059375 0.653349 
138 0 0.523438 0.341406 0.075 0.0578125 0.574932 
138 0 0.824219 0.3375 0.0578125 0.05625 0.562302 
