140 0 0.148438 0.390625 0.0875 0.078125 0.779513 
140 0 0.770312 0.45625 0.09375 0.071875 0.778565 
140 0 0.847656 0.446094 0.0859375 0.0734375 0.723192 
140 0 0.040625 0.428125 0.08125 0.078125 0.69206 
140 0 0.6125 0.378125 0.0875 0.078125 0.691687 
140 0 0.207813 0.6625 0.134375 0.10625 0.687607 
140 0 0.3125 0.338281 0.075 0.0609375 0.614022 
140 0 0.242188 0.376563 0.078125 0.065625 0.592838 
140 0 0.865625 0.339844 0.090625 0.0984375 0.480318 
140 0 0.0820312 0.280469 0.0640625 0.0609375 0.411332 
