142 0 0.784375 0.447656 0.103125 0.0734375 0.857742 
142 0 0.642969 0.370313 0.0859375 0.065625 0.817055 
142 0 0.340625 0.3125 0.075 0.05625 0.772435 
142 0 0.210938 0.326562 0.06875 0.0625 0.748999 
142 0 0.154687 0.294531 0.06875 0.0546875 0.722157 
142 0 0.867969 0.346094 0.0703125 0.0671875 0.693191 
142 0 0.8125 0.338281 0.0625 0.0671875 0.622272 
142 0 0.765625 0.326562 0.065625 0.065625 0.57917 
142 0 0.866406 0.43125 0.0984375 0.075 0.541869 
142 0 0.195312 0.666406 0.13125 0.101562 0.489741 
142 0 0.0757812 0.609375 0.120312 0.090625 0.456037 
142 0 0.109375 0.646875 0.11875 0.090625 0.452155 
