156 0 0.674219 0.392969 0.0921875 0.0671875 0.863697 
156 0 0.21875 0.324219 0.084375 0.0734375 0.806821 
156 0 0.857813 0.465625 0.096875 0.078125 0.801397 
156 0 0.155469 0.389062 0.0859375 0.084375 0.763467 
156 0 0.399219 0.328125 0.0890625 0.075 0.727787 
156 0 0.03125 0.417969 0.0625 0.0828125 0.668445 
156 0 0.0265625 0.353906 0.053125 0.0671875 0.568319 
156 0 0.904688 0.333594 0.06875 0.0671875 0.54914 
156 0 0.516406 0.396094 0.0796875 0.0671875 0.498092 
156 0 0.614844 0.366406 0.0703125 0.0578125 0.481605 
156 0 0.185156 0.269531 0.0671875 0.0546875 0.464415 
