159 0 0.707812 0.432031 0.1 0.0734375 0.845097 
159 0 0.0890625 0.342969 0.096875 0.0796875 0.829119 
159 0 0.196094 0.378906 0.0859375 0.0796875 0.823248 
159 0 0.367969 0.360938 0.0921875 0.071875 0.820414 
159 0 0.859375 0.402344 0.11875 0.0953125 0.769337 
159 0 0.369531 0.282813 0.0734375 0.05625 0.732912 
159 0 0.503125 0.298438 0.071875 0.0625 0.610419 
159 0 0.065625 0.664844 0.13125 0.117188 0.607716 
159 0 0.213281 0.289844 0.0640625 0.0640625 0.546647 
159 0 0.546875 0.38125 0.0875 0.071875 0.479712 
159 0 0.878125 0.338281 0.0625 0.0546875 0.462564 
