160 0 0.280469 0.382031 0.0890625 0.0765625 0.878856 
160 0 0.0929687 0.414844 0.0859375 0.0734375 0.842533 
160 0 0.763281 0.336719 0.0640625 0.0640625 0.805208 
160 0 0.0703125 0.608594 0.140625 0.139062 0.786125 
160 0 0.238281 0.652344 0.129688 0.101562 0.78354 
160 0 0.857813 0.353906 0.06875 0.0734375 0.779886 
160 0 0.4 0.357812 0.08125 0.0625 0.775125 
160 0 0.20625 0.278125 0.065625 0.0625 0.713634 
160 0 0.305469 0.274219 0.0703125 0.0578125 0.70916 
160 0 0.0226563 0.457031 0.0453125 0.0859375 0.562762 
