162 0 0.0640625 0.471094 0.1 0.0828125 0.848024 
162 0 0.613281 0.509375 0.117188 0.090625 0.847981 
162 0 0.18125 0.432813 0.10625 0.096875 0.84122 
162 0 0.075 0.371875 0.0875 0.084375 0.834902 
162 0 0.798437 0.341406 0.071875 0.0765625 0.798781 
162 0 0.325 0.541406 0.115625 0.0953125 0.770005 
162 0 0.858594 0.353125 0.0578125 0.0625 0.760203 
162 0 0.0554687 0.623438 0.107813 0.1125 0.714581 
162 0 0.0257812 0.309375 0.0515625 0.059375 0.646611 
162 0 0.217187 0.360938 0.09375 0.0875 0.642476 
162 0 0.119531 0.330469 0.0796875 0.0796875 0.588619 
162 0 0.932031 0.624219 0.129688 0.104687 0.501286 
162 0 0.139844 0.642187 0.123438 0.090625 0.448098 
162 0 0.191406 0.678906 0.120312 0.0859375 0.40036 
