163 0 0.322656 0.357031 0.0796875 0.0609375 0.826829 
163 0 0.778906 0.429688 0.0953125 0.071875 0.819575 
163 0 0.688281 0.432813 0.0984375 0.071875 0.805977 
163 0 0.111719 0.296094 0.0796875 0.0671875 0.803783 
163 0 0.621875 0.361719 0.0875 0.0640625 0.771567 
163 0 0.388281 0.321875 0.0796875 0.071875 0.753883 
163 0 0.46875 0.360156 0.084375 0.0734375 0.733246 
163 0 0.855469 0.35625 0.0640625 0.0625 0.674175 
163 0 0.198437 0.274219 0.0625 0.0578125 0.637501 
163 0 0.889063 0.425781 0.09375 0.0796875 0.428241 
