171 0 0.310937 0.319531 0.075 0.0578125 0.87115 
171 0 0.680469 0.521094 0.107813 0.0984375 0.840497 
171 0 0.065625 0.60625 0.125 0.10625 0.837238 
171 0 0.378906 0.351562 0.0796875 0.0625 0.821388 
171 0 0.757031 0.389844 0.0984375 0.0765625 0.812329 
171 0 0.105469 0.417188 0.0859375 0.078125 0.806735 
171 0 0.678125 0.409375 0.090625 0.078125 0.801141 
171 0 0.0585938 0.475 0.0984375 0.084375 0.795667 
171 0 0.330469 0.534375 0.110937 0.109375 0.794878 
171 0 0.25625 0.428906 0.090625 0.0734375 0.791122 
171 0 0.863281 0.349219 0.0703125 0.0734375 0.752656 
171 0 0.452344 0.532812 0.123438 0.109375 0.696521 
171 0 0.01875 0.355469 0.0375 0.0703125 0.59821 
171 0 0.198437 0.670313 0.128125 0.096875 0.585868 
171 0 0.23125 0.369531 0.08125 0.0640625 0.58343 
171 0 0.21875 0.328125 0.075 0.059375 0.569674 
