177 0 0.877344 0.347656 0.0671875 0.0734375 0.811754 
177 0 0.757031 0.339063 0.0703125 0.0625 0.790715 
177 0 0.0289063 0.458594 0.0578125 0.0859375 0.778649 
177 0 0.152344 0.460938 0.0921875 0.08125 0.735384 
177 0 0.247656 0.417969 0.0984375 0.0859375 0.720589 
177 0 0.0578125 0.366406 0.08125 0.0734375 0.708101 
177 0 0.213281 0.665625 0.145313 0.10625 0.675678 
177 0 0.15 0.634375 0.121875 0.096875 0.467358 
177 0 0.264844 0.376563 0.0828125 0.06875 0.450651 
177 0 0.0265625 0.389844 0.053125 0.0703125 0.448644 
