19 0 0.0929687 0.414844 0.0859375 0.0734375 0.847555 
19 0 0.279687 0.382812 0.090625 0.075 0.840792 
19 0 0.785156 0.411719 0.0984375 0.0734375 0.833331 
19 0 0.647656 0.471094 0.117188 0.0765625 0.82037 
19 0 0.152344 0.509375 0.117188 0.090625 0.818756 
19 0 0.774219 0.501562 0.139062 0.10625 0.80158 
19 0 0.0695312 0.608594 0.139062 0.139062 0.773766 
19 0 0.857031 0.353125 0.0671875 0.075 0.768771 
19 0 0.145313 0.296094 0.071875 0.0578125 0.703521 
19 0 0.471875 0.351562 0.071875 0.059375 0.609316 
19 0 0.283594 0.332812 0.0859375 0.065625 0.602856 
19 0 0.248437 0.290625 0.071875 0.05625 0.599669 
19 0 0.522656 0.340625 0.0671875 0.059375 0.585543 
19 0 0.616406 0.414844 0.0984375 0.0734375 0.57621 
19 0 0.0179687 0.455469 0.0359375 0.0859375 0.43464 
