190 0 0.497656 0.389062 0.120312 0.159375 0.834773 
190 0 0.353906 0.425781 0.151562 0.170312 0.766301 
190 0 0.5875 0.15 0.059375 0.05 0.756242 
190 0 0.0898438 0.780469 0.179688 0.348437 0.727334 
190 0 0.0476562 0.567969 0.0953125 0.201562 0.633541 
190 0 0.466406 0.158594 0.0546875 0.0484375 0.631317 
190 0 0.878125 0.225781 0.075 0.0609375 0.62237 
190 0 0.28125 0.382031 0.146875 0.160938 0.596212 
190 0 0.958594 0.251563 0.0703125 0.059375 0.577287 
190 0 0.810156 0.176563 0.0671875 0.059375 0.518288 
190 0 0.084375 0.374219 0.09375 0.110937 0.4883 
190 0 0.213281 0.246875 0.0421875 0.05 0.47124 
