192 0 0.396875 0.463281 0.09375 0.0796875 0.851249 
192 0 0.6125 0.379687 0.0875 0.065625 0.79252 
192 0 0.411719 0.377344 0.0859375 0.0640625 0.784051 
192 0 0.76875 0.454688 0.090625 0.06875 0.761311 
192 0 0.309375 0.303906 0.078125 0.0640625 0.755527 
192 0 0.169531 0.440625 0.0890625 0.075 0.753202 
192 0 0.0890625 0.352344 0.078125 0.0703125 0.749655 
192 0 0.242188 0.366406 0.090625 0.0828125 0.716702 
192 0 0.827344 0.434375 0.0953125 0.08125 0.713207 
192 0 0.174219 0.378125 0.0796875 0.071875 0.691714 
192 0 0.669531 0.36875 0.0734375 0.075 0.675519 
192 0 0.685938 0.64375 0.128125 0.109375 0.600016 
192 1 0.878125 0.328125 0.109375 0.115625 0.565604 
192 0 0.115625 0.289844 0.0625 0.0578125 0.454355 
192 0 0.0226563 0.326562 0.0453125 0.06875 0.44956 
192 0 0.0164062 0.423438 0.0328125 0.0625 0.428092 
