196 0 0.358594 0.450781 0.107813 0.0828125 0.834268 
196 0 0.7 0.417969 0.090625 0.0734375 0.826461 
196 0 0.202344 0.474219 0.101562 0.0796875 0.767386 
196 0 0.241406 0.373437 0.0796875 0.065625 0.695421 
196 0 0.448438 0.385938 0.090625 0.0625 0.665247 
196 0 0.0726563 0.652344 0.142188 0.117188 0.661556 
196 0 0.207813 0.6625 0.134375 0.10625 0.645879 
196 1 0.313281 0.2875 0.154687 0.134375 0.603193 
196 0 0.0554687 0.288281 0.0703125 0.0640625 0.464646 
196 0 0.246094 0.321094 0.0796875 0.0640625 0.442422 
196 0 0.865625 0.339844 0.0875 0.104687 0.435505 
196 1 0.865625 0.339063 0.0875 0.103125 0.426331 
