199 0 0.0375 0.336719 0.075 0.0703125 0.767964 
199 0 0.257812 0.429688 0.0875 0.075 0.755838 
199 0 0.404687 0.494531 0.09375 0.0859375 0.752642 
199 0 0.05625 0.621875 0.1125 0.134375 0.743368 
199 0 0.11875 0.363281 0.084375 0.0703125 0.738451 
199 0 0.871094 0.349219 0.0703125 0.0734375 0.675662 
199 0 0.19375 0.285937 0.084375 0.06875 0.674039 
199 0 0.752344 0.332812 0.0640625 0.075 0.611875 
199 0 0.203125 0.647656 0.16875 0.135937 0.607685 
199 0 0.809375 0.339844 0.065625 0.0765625 0.55932 
199 0 0.7875 0.603125 0.125 0.103125 0.467303 
