20 0 0.113281 0.449219 0.0921875 0.0828125 0.85081 
20 0 0.744531 0.435937 0.0984375 0.078125 0.804043 
20 0 0.733594 0.530469 0.120312 0.0953125 0.803835 
20 0 0.136719 0.392188 0.0828125 0.06875 0.789527 
20 0 0.221094 0.308594 0.0765625 0.0578125 0.785784 
20 0 0.621875 0.547656 0.121875 0.0953125 0.769334 
20 0 0.452344 0.580469 0.120312 0.0953125 0.758417 
20 0 0.111719 0.301562 0.0765625 0.0625 0.750684 
20 0 0.194531 0.376563 0.0890625 0.08125 0.742166 
20 0 0.882812 0.340625 0.071875 0.075 0.724426 
20 0 0.260156 0.371875 0.0859375 0.075 0.706515 
20 0 0.0296875 0.453906 0.059375 0.0828125 0.632343 
20 0 0.688281 0.408594 0.0796875 0.0640625 0.627843 
20 0 0.0203125 0.382812 0.040625 0.071875 0.623354 
20 0 0.513281 0.357812 0.0921875 0.065625 0.623318 
20 0 0.424219 0.519531 0.0984375 0.0890625 0.503971 
