201 0 0.210156 0.38125 0.0859375 0.078125 0.808254 
201 0 0.0914062 0.350781 0.0703125 0.0640625 0.800982 
201 0 0.683594 0.59375 0.117188 0.103125 0.797429 
201 0 0.259375 0.364062 0.084375 0.078125 0.607614 
201 0 0.224219 0.660937 0.135937 0.09375 0.597694 
201 0 0.103906 0.657812 0.123438 0.0875 0.566813 
201 0 0.900781 0.3375 0.0703125 0.06875 0.492965 
201 0 0.0867188 0.60625 0.126563 0.090625 0.480301 
201 0 0.157031 0.344531 0.0703125 0.0640625 0.465107 
201 0 0.028125 0.241406 0.05625 0.0515625 0.442443 
