203 0 0.220313 0.359375 0.084375 0.078125 0.831642 
203 0 0.586719 0.408594 0.0953125 0.0765625 0.808124 
203 0 0.14375 0.394531 0.084375 0.0734375 0.801084 
203 0 0.132812 0.639063 0.125 0.09375 0.774783 
203 0 0.866406 0.448438 0.0953125 0.075 0.756672 
203 0 0.353906 0.328125 0.0796875 0.059375 0.695508 
203 0 0.0273438 0.424219 0.0546875 0.0734375 0.675203 
203 0 0.882812 0.34375 0.0625 0.0625 0.630054 
203 0 0.244531 0.314844 0.0734375 0.0578125 0.572661 
203 0 0.482812 0.364062 0.090625 0.071875 0.527809 
203 0 0.0632813 0.611719 0.107813 0.0859375 0.503309 
203 0 0.0390625 0.394531 0.071875 0.0765625 0.502533 
203 0 0.332031 0.298438 0.0703125 0.05625 0.479791 
203 0 0.185156 0.311719 0.0671875 0.0609375 0.475708 
203 0 0.6 0.304688 0.075 0.059375 0.452315 
