206 0 0.551562 0.430469 0.1125 0.151562 0.837157 
206 0 0.213281 0.641406 0.307813 0.351562 0.828704 
206 0 0.370313 0.385156 0.125 0.117188 0.80805 
206 0 0.754687 0.296875 0.096875 0.08125 0.746895 
206 0 0.548437 0.215625 0.034375 0.040625 0.658417 
206 0 0.492188 0.365625 0.103125 0.1125 0.651918 
206 0 0.246875 0.366406 0.08125 0.0859375 0.607591 
206 0 0.959375 0.328125 0.08125 0.06875 0.565378 
206 0 0.164062 0.475 0.159375 0.15 0.561065 
206 0 0.279687 0.278125 0.0625 0.0625 0.492522 
206 0 0.839844 0.252344 0.0609375 0.0515625 0.465193 
206 0 0.584375 0.2 0.03125 0.0375 0.422016 
