241 0 0.614844 0.514063 0.114063 0.09375 0.838071 
241 0 0.405469 0.49375 0.104687 0.090625 0.817937 
241 0 0.114844 0.421875 0.0890625 0.075 0.779927 
241 0 0.722656 0.659375 0.132812 0.1125 0.775133 
241 0 0.207813 0.501562 0.10625 0.096875 0.758214 
241 0 0.0835937 0.632812 0.164062 0.15 0.748094 
241 0 0.873438 0.35 0.065625 0.06875 0.738682 
241 0 0.785937 0.330469 0.053125 0.0578125 0.693472 
241 0 0.226562 0.664062 0.1375 0.10625 0.677464 
241 0 0.841406 0.334375 0.0609375 0.065625 0.491201 
