26 0 0.391406 0.523438 0.117188 0.096875 0.830924 
26 0 0.0625 0.621094 0.121875 0.101562 0.828817 
26 0 0.863281 0.354688 0.0609375 0.06875 0.819571 
26 0 0.771094 0.45 0.104687 0.075 0.784112 
26 0 0.19375 0.319531 0.078125 0.0640625 0.775773 
26 0 0.391406 0.372656 0.0859375 0.0640625 0.758523 
26 0 0.51875 0.297656 0.0875 0.0671875 0.670908 
26 0 0.498437 0.34375 0.075 0.059375 0.652712 
26 0 0.763281 0.397656 0.0984375 0.0703125 0.623879 
26 0 0.0382813 0.263281 0.0734375 0.0734375 0.616006 
26 0 0.382031 0.334375 0.0828125 0.0625 0.48193 
