265 0 0.292969 0.346875 0.0828125 0.071875 0.844052 
265 0 0.116406 0.44375 0.101562 0.096875 0.843139 
265 0 0.708594 0.394531 0.0953125 0.0796875 0.804223 
265 0 0.0710938 0.614062 0.139062 0.11875 0.795615 
265 0 0.373437 0.33125 0.078125 0.06875 0.787127 
265 0 0.80625 0.392969 0.1 0.0828125 0.769008 
265 0 0.460156 0.33125 0.0796875 0.065625 0.743607 
265 0 0.0515625 0.288281 0.06875 0.0546875 0.693281 
265 0 0.0320312 0.364062 0.0640625 0.06875 0.673711 
265 0 0.0242187 0.446875 0.0484375 0.090625 0.670667 
265 0 0.872656 0.446875 0.101562 0.084375 0.634993 
265 0 0.157813 0.4 0.084375 0.071875 0.610538 
265 0 0.173438 0.285937 0.06875 0.059375 0.583676 
