267 0 0.0296875 0.417969 0.059375 0.0953125 0.815342 
267 0 0.761719 0.334375 0.0609375 0.059375 0.799494 
267 0 0.760938 0.396094 0.059375 0.0703125 0.791266 
267 0 0.267969 0.322656 0.0671875 0.0609375 0.786145 
267 0 0.728125 0.478125 0.0625 0.09375 0.760862 
267 0 0.839063 0.311719 0.065625 0.0671875 0.758797 
267 0 0.407813 0.392969 0.05 0.0828125 0.678289 
267 0 0.135156 0.584375 0.135937 0.090625 0.640631 
267 0 0.895312 0.339844 0.06875 0.0734375 0.597768 
267 0 0.20625 0.664062 0.128125 0.09375 0.536571 
267 0 0.760938 0.370313 0.059375 0.084375 0.528699 
267 0 0.124219 0.642187 0.129688 0.09375 0.438981 
