269 0 0.760938 0.538281 0.13125 0.0921875 0.839051 
269 0 0.623438 0.420312 0.09375 0.06875 0.827883 
269 0 0.875781 0.35 0.0671875 0.065625 0.805102 
269 0 0.161719 0.402344 0.0890625 0.0734375 0.804894 
269 0 0.375781 0.333594 0.0765625 0.0609375 0.793468 
269 0 0.197656 0.499219 0.114063 0.0859375 0.761828 
269 0 0.682813 0.389844 0.09375 0.0734375 0.76007 
269 0 0.461719 0.36875 0.0828125 0.065625 0.740965 
269 0 0.071875 0.409375 0.08125 0.071875 0.710257 
269 0 0.329688 0.278906 0.071875 0.0578125 0.703115 
269 0 0.1125 0.283594 0.06875 0.0671875 0.69697 
269 0 0.6625 0.407813 0.10625 0.075 0.673569 
269 0 0.0328125 0.285156 0.0625 0.0546875 0.505825 
269 0 0.210156 0.355469 0.0796875 0.0671875 0.443622 
269 0 0.214844 0.382812 0.0796875 0.06875 0.422774 
