273 0 0.49375 0.191406 0.059375 0.0421875 0.797893 
273 0 0.401563 0.239063 0.075 0.059375 0.777978 
273 0 0.0710938 0.5375 0.139062 0.175 0.777769 
273 0 0.529688 0.384375 0.15 0.184375 0.719533 
273 0 0.801562 0.285156 0.059375 0.0734375 0.690964 
273 0 0.301562 0.501562 0.215625 0.246875 0.671736 
273 0 0.398438 0.574219 0.171875 0.267188 0.650695 
273 0 0.829687 0.25 0.059375 0.05625 0.585597 
273 0 0.967188 0.290625 0.0625 0.05 0.500804 
273 0 0.214844 0.261719 0.0390625 0.0421875 0.479706 
273 0 0.0429688 0.435156 0.0828125 0.110937 0.449544 
273 0 0.626562 0.172656 0.0375 0.0390625 0.415306 
