274 0 0.246094 0.370313 0.0828125 0.084375 0.828823 
274 0 0.753125 0.338281 0.06875 0.0671875 0.820313 
274 0 0.0507812 0.617969 0.101562 0.129688 0.797199 
274 0 0.441406 0.536719 0.123438 0.0984375 0.753583 
274 0 0.08125 0.290625 0.06875 0.0625 0.707187 
274 1 0.857813 0.335938 0.0875 0.11875 0.670376 
274 1 0.213281 0.222656 0.164062 0.132812 0.63998 
274 0 0.485156 0.392188 0.0890625 0.06875 0.570606 
274 0 0.439844 0.291406 0.0796875 0.0578125 0.555747 
274 0 0.132031 0.276563 0.0640625 0.059375 0.545727 
