275 0 0.4875 0.388281 0.128125 0.170312 0.854525 
275 0 0.25 0.783594 0.28125 0.404687 0.803222 
275 0 0.489844 0.20625 0.0765625 0.05625 0.722079 
275 0 0.298438 0.464063 0.171875 0.203125 0.716045 
275 0 0.425781 0.194531 0.0734375 0.0640625 0.605962 
275 0 0.535937 0.146875 0.05625 0.05 0.593515 
275 0 0.105469 0.371094 0.0984375 0.104687 0.51467 
275 0 0.772656 0.180469 0.0640625 0.0578125 0.512169 
275 0 0.0632813 0.551562 0.126563 0.196875 0.466915 
275 0 0.0679687 0.810156 0.135937 0.351562 0.457107 
