276 0 0.2125 0.389844 0.090625 0.0734375 0.8245 
276 0 0.498437 0.339063 0.075 0.065625 0.790811 
276 0 0.239063 0.315625 0.071875 0.059375 0.787982 
276 0 0.853125 0.466406 0.10625 0.0765625 0.787081 
276 0 0.0539063 0.620313 0.107813 0.121875 0.781253 
276 0 0.620313 0.4 0.084375 0.071875 0.774183 
276 0 0.853125 0.350781 0.06875 0.0734375 0.75631 
276 0 0.821875 0.419531 0.090625 0.0640625 0.697715 
276 0 0.167187 0.282813 0.06875 0.0625 0.65536 
276 0 0.2125 0.664844 0.14375 0.0953125 0.651143 
276 1 0.7875 0.303906 0.103125 0.114063 0.452788 
