277 0 0.0960938 0.4125 0.0828125 0.075 0.841045 
277 0 0.0757812 0.602344 0.135937 0.110937 0.83534 
277 0 0.753906 0.457031 0.0921875 0.0796875 0.833105 
277 0 0.867188 0.353125 0.06875 0.065625 0.822886 
277 0 0.258594 0.366406 0.0984375 0.0890625 0.81229 
277 0 0.549219 0.411719 0.0828125 0.0734375 0.754644 
277 0 0.0265625 0.359375 0.05 0.06875 0.572924 
277 0 0.0171875 0.446094 0.034375 0.0953125 0.514801 
277 0 0.130469 0.385938 0.0796875 0.075 0.485292 
277 0 0.06875 0.2375 0.06875 0.05625 0.421799 
