286 0 0.382031 0.525781 0.104687 0.0921875 0.858824 
286 0 0.549219 0.488281 0.107813 0.101562 0.857958 
286 0 0.191406 0.383594 0.0859375 0.0734375 0.83465 
286 0 0.175 0.50625 0.0875 0.0875 0.785907 
286 0 0.132812 0.64375 0.128125 0.096875 0.778506 
286 0 0.327344 0.466406 0.104687 0.0921875 0.732334 
286 0 0.0335938 0.41875 0.0671875 0.0875 0.710638 
286 0 0.0492188 0.628125 0.0984375 0.09375 0.618158 
286 0 0.075 0.403125 0.0875 0.078125 0.614175 
286 0 0.0335938 0.357812 0.0671875 0.065625 0.566707 
286 0 0.165625 0.278906 0.06875 0.0671875 0.547342 
