291 0 0.314063 0.484375 0.1125 0.096875 0.827796 
291 0 0.250781 0.371094 0.0828125 0.0765625 0.784424 
291 0 0.638281 0.489844 0.114063 0.0890625 0.765764 
291 0 0.471875 0.365625 0.09375 0.075 0.745424 
291 0 0.0195312 0.452344 0.0390625 0.0828125 0.65356 
291 0 0.0320312 0.350781 0.0640625 0.0765625 0.634349 
291 0 0.569531 0.367969 0.0890625 0.0703125 0.600471 
291 0 0.117188 0.389062 0.084375 0.0875 0.578378 
291 0 0.646094 0.595312 0.123438 0.1125 0.484843 
291 0 0.0429688 0.416406 0.0859375 0.0890625 0.438203 
