295 0 0.33125 0.3375 0.084375 0.065625 0.858825 
295 0 0.88125 0.342187 0.06875 0.065625 0.790158 
295 0 0.707031 0.439844 0.104687 0.0796875 0.783939 
295 0 0.782031 0.423438 0.107813 0.084375 0.776593 
295 0 0.180469 0.317969 0.0765625 0.0640625 0.774343 
295 0 0.765625 0.329688 0.065625 0.06875 0.771323 
295 0 0.253125 0.367188 0.0875 0.0875 0.763579 
295 0 0.519531 0.357812 0.0921875 0.075 0.67337 
295 0 0.0320312 0.269531 0.0609375 0.0703125 0.527553 
295 0 0.114844 0.242969 0.0671875 0.0578125 0.421731 
