315 0 0.275781 0.459375 0.0984375 0.084375 0.833407 
315 0 0.700781 0.400781 0.0984375 0.0703125 0.821087 
315 0 0.749219 0.3375 0.0671875 0.059375 0.81123 
315 0 0.822656 0.414062 0.0921875 0.071875 0.808652 
315 0 0.532812 0.430469 0.1 0.0734375 0.759004 
315 0 0.0351562 0.64375 0.0703125 0.1 0.675197 
315 0 0.210156 0.666406 0.135937 0.0984375 0.637904 
315 0 0.853906 0.351562 0.0671875 0.06875 0.629481 
315 0 0.120312 0.642187 0.1125 0.09375 0.549236 
315 0 0.817969 0.320312 0.0578125 0.05625 0.508637 
315 0 0.898438 0.372656 0.059375 0.0703125 0.400244 
