328 0 0.716406 0.567187 0.120312 0.103125 0.847837 
328 0 0.0695312 0.622656 0.139062 0.0984375 0.828374 
328 0 0.059375 0.478906 0.103125 0.0859375 0.817236 
328 0 0.109375 0.417188 0.090625 0.08125 0.808639 
328 0 0.23125 0.473437 0.109375 0.1 0.80544 
328 0 0.864844 0.350781 0.0828125 0.0796875 0.792019 
328 0 0.315625 0.465625 0.103125 0.090625 0.776657 
328 0 0.210156 0.364062 0.0859375 0.075 0.68198 
328 0 0.509375 0.480469 0.090625 0.0765625 0.632029 
328 0 0.161719 0.403125 0.0859375 0.071875 0.569562 
328 0 0.509375 0.547656 0.11875 0.0859375 0.560931 
