331 0 0.146094 0.486719 0.107813 0.0984375 0.836039 
331 0 0.867969 0.353906 0.0703125 0.0640625 0.835426 
331 0 0.724219 0.336719 0.0671875 0.0703125 0.810749 
331 0 0.638281 0.3875 0.0828125 0.078125 0.787969 
331 0 0.405469 0.544531 0.114063 0.0890625 0.78252 
331 0 0.407031 0.444531 0.101562 0.0890625 0.750141 
331 0 0.142188 0.383594 0.090625 0.0859375 0.693276 
331 0 0.0859375 0.660156 0.134375 0.0953125 0.687112 
331 0 0.825781 0.3375 0.0578125 0.059375 0.671144 
331 0 0.0398437 0.420312 0.0796875 0.084375 0.65159 
331 0 0.09375 0.407813 0.084375 0.078125 0.573716 
331 0 0.0414063 0.357812 0.0671875 0.059375 0.49077 
331 0 0.0570313 0.603125 0.114063 0.096875 0.470462 
