334 0 0.797656 0.517969 0.126563 0.0859375 0.791915 
334 0 0.615625 0.467187 0.11875 0.075 0.750482 
334 0 0.182812 0.382031 0.084375 0.0765625 0.747208 
334 0 0.850781 0.355469 0.0703125 0.0703125 0.735186 
334 0 0.246094 0.36875 0.0828125 0.078125 0.71956 
334 0 0.785937 0.355469 0.0625 0.0578125 0.712084 
334 0 0.0242187 0.349219 0.0484375 0.0734375 0.645978 
334 0 0.683594 0.375 0.0890625 0.06875 0.643453 
334 0 0.682031 0.436719 0.0921875 0.0734375 0.606934 
334 0 0.0421875 0.428906 0.084375 0.0890625 0.534082 
334 0 0.102344 0.378125 0.0953125 0.08125 0.524172 
334 0 0.0835937 0.411719 0.0796875 0.0671875 0.479539 
334 0 0.0203125 0.449219 0.040625 0.0890625 0.429539 
