353 0 0.828125 0.463281 0.1 0.0796875 0.849171 
353 0 0.354688 0.321875 0.0875 0.071875 0.815181 
353 0 0.803906 0.342187 0.0828125 0.08125 0.796118 
353 0 0.0492188 0.428125 0.0953125 0.09375 0.793083 
353 0 0.145313 0.391406 0.0875 0.0828125 0.774962 
353 0 0.58125 0.389844 0.09375 0.0765625 0.738206 
353 0 0.882812 0.351562 0.0625 0.0625 0.68045 
353 0 0.176563 0.303125 0.078125 0.0625 0.588305 
353 0 0.0195312 0.245312 0.0359375 0.05625 0.572596 
353 0 0.214062 0.386719 0.084375 0.0734375 0.536796 
353 0 0.255469 0.340625 0.0765625 0.0625 0.473869 
353 0 0.257812 0.378125 0.078125 0.071875 0.450454 
