356 0 0.260156 0.36875 0.0828125 0.071875 0.83055 
356 0 0.849219 0.509375 0.135937 0.1 0.815022 
356 0 0.761719 0.403906 0.0984375 0.0765625 0.78361 
356 0 0.610937 0.417188 0.090625 0.06875 0.758869 
356 0 0.129688 0.388281 0.0875 0.0765625 0.739053 
356 0 0.0703125 0.399219 0.090625 0.0765625 0.695841 
356 0 0.476562 0.504687 0.115625 0.090625 0.66134 
356 0 0.0195312 0.411719 0.0390625 0.0828125 0.640867 
356 0 0.617969 0.359375 0.0828125 0.059375 0.595677 
356 0 0.176563 0.373437 0.078125 0.078125 0.587397 
