375 0 0.140625 0.461719 0.10625 0.0859375 0.839434 
375 0 0.0789063 0.597656 0.154687 0.129688 0.830722 
375 0 0.794531 0.417188 0.104687 0.075 0.815412 
375 0 0.226562 0.410937 0.09375 0.090625 0.792307 
375 0 0.880469 0.344531 0.0734375 0.0765625 0.79092 
375 0 0.535156 0.482812 0.123438 0.103125 0.772517 
375 0 0.364062 0.325 0.08125 0.075 0.765894 
375 0 0.871875 0.470313 0.10625 0.08125 0.716966 
375 0 0.525 0.561719 0.109375 0.0890625 0.689762 
375 0 0.216406 0.314844 0.104687 0.0828125 0.609097 
375 0 0.107813 0.270312 0.0625 0.059375 0.575818 
375 0 0.15625 0.648438 0.10625 0.084375 0.525189 
375 0 0.0226563 0.276563 0.0453125 0.0625 0.509203 
