378 0 0.7875 0.4125 0.103125 0.071875 0.808465 
378 0 0.244531 0.364844 0.0859375 0.0796875 0.805195 
378 0 0.132031 0.639063 0.123438 0.09375 0.781261 
378 0 0.604688 0.405469 0.11875 0.0890625 0.765529 
378 0 0.300781 0.269531 0.0734375 0.0578125 0.754363 
378 0 0.746094 0.332031 0.0703125 0.0640625 0.744554 
378 0 0.167969 0.285937 0.0703125 0.059375 0.662125 
378 0 0.883594 0.342969 0.0640625 0.0609375 0.651532 
378 0 0.473437 0.3625 0.08125 0.071875 0.642854 
378 0 0.0445312 0.280469 0.0734375 0.0609375 0.529081 
378 0 0.0640625 0.6125 0.109375 0.0875 0.458893 
378 0 0.213281 0.273438 0.0609375 0.059375 0.408954 
