38 1 0.785156 0.39375 0.204688 0.1625 0.859749 
38 0 0.0835937 0.446094 0.0984375 0.0828125 0.821154 
38 0 0.353906 0.467187 0.142188 0.10625 0.818665 
38 0 0.178125 0.377344 0.084375 0.0796875 0.771165 
38 0 0.428906 0.536719 0.110937 0.0890625 0.750805 
38 0 0.0242187 0.391406 0.0484375 0.0734375 0.738905 
38 0 0.2125 0.507812 0.1125 0.096875 0.702356 
38 0 0.245312 0.421094 0.084375 0.0765625 0.674826 
38 0 0.476562 0.470313 0.109375 0.09375 0.609635 
38 0 0.133594 0.342187 0.0734375 0.065625 0.58233 
