386 0 0.702344 0.394531 0.0921875 0.0734375 0.835893 
386 0 0.309375 0.332031 0.08125 0.0671875 0.826176 
386 0 0.801562 0.451562 0.1 0.084375 0.824695 
386 0 0.857813 0.354688 0.0625 0.071875 0.81785 
386 0 0.144531 0.389844 0.0890625 0.0890625 0.782751 
386 0 0.1625 0.303906 0.06875 0.0546875 0.770699 
386 0 0.767969 0.329688 0.0671875 0.065625 0.769187 
386 0 0.228906 0.298438 0.0671875 0.059375 0.730579 
386 0 0.504687 0.352344 0.084375 0.0671875 0.653826 
386 0 0.0757812 0.4 0.0953125 0.09375 0.608764 
386 0 0.0390625 0.277344 0.065625 0.0703125 0.602066 
386 0 0.0257812 0.353125 0.0515625 0.08125 0.552388 
386 0 0.0320312 0.425781 0.0640625 0.0828125 0.545506 
