394 0 0.280469 0.325 0.0796875 0.071875 0.820074 
394 0 0.355469 0.307813 0.0890625 0.071875 0.791298 
394 0 0.641406 0.424219 0.104687 0.0765625 0.772197 
394 0 0.05 0.289844 0.071875 0.0578125 0.725912 
394 0 0.728906 0.398438 0.0859375 0.075 0.709686 
394 0 0.0460938 0.630469 0.0890625 0.104687 0.698512 
394 0 0.882812 0.347656 0.065625 0.0703125 0.667272 
394 0 0.221094 0.676562 0.132812 0.09375 0.635166 
394 0 0.146875 0.63125 0.14375 0.121875 0.57181 
394 0 0.80625 0.301562 0.06875 0.053125 0.555697 
