414 0 0.192969 0.415625 0.0890625 0.078125 0.81676 
414 0 0.0921875 0.599219 0.13125 0.114063 0.814121 
414 0 0.198437 0.35625 0.0875 0.071875 0.789019 
414 0 0.408594 0.49375 0.107813 0.096875 0.787931 
414 0 0.75625 0.447656 0.103125 0.0765625 0.785379 
414 0 0.376563 0.339844 0.096875 0.0765625 0.771504 
414 0 0.03125 0.390625 0.059375 0.084375 0.698291 
414 0 0.304688 0.547656 0.109375 0.0921875 0.605942 
414 0 0.355469 0.454688 0.0828125 0.065625 0.569509 
414 0 0.514844 0.360156 0.0921875 0.0671875 0.538291 
414 0 0.0445312 0.361719 0.0828125 0.0859375 0.538014 
414 0 0.110156 0.271875 0.0640625 0.05625 0.526266 
414 0 0.0273438 0.278125 0.0515625 0.059375 0.524601 
414 0 0.283594 0.497656 0.101562 0.0828125 0.48511 
