419 0 0.203125 0.410156 0.09375 0.0765625 0.878692 
419 0 0.102344 0.41875 0.0890625 0.078125 0.844196 
419 0 0.167187 0.313281 0.06875 0.0640625 0.843793 
419 0 0.307813 0.313281 0.075 0.0640625 0.831167 
419 0 0.70625 0.407813 0.11875 0.09375 0.808386 
419 0 0.4 0.31875 0.078125 0.0625 0.778945 
419 0 0.810938 0.345313 0.065625 0.0625 0.763524 
419 0 0.0421875 0.364062 0.075 0.075 0.683609 
419 0 0.578906 0.371875 0.0859375 0.06875 0.510167 
419 0 0.0703125 0.254687 0.065625 0.053125 0.456085 
