422 0 0.152344 0.3625 0.0828125 0.0875 0.837972 
422 0 0.803125 0.557031 0.11875 0.0984375 0.832983 
422 0 0.670313 0.555469 0.109375 0.101562 0.818375 
422 0 0.228125 0.365625 0.08125 0.075 0.78186 
422 0 0.867188 0.352344 0.06875 0.0671875 0.77071 
422 0 0.0304688 0.335156 0.0609375 0.0734375 0.764493 
422 0 0.379687 0.403906 0.140625 0.107813 0.70807 
422 1 0.159375 0.605469 0.309375 0.248437 0.685952 
422 0 0.582812 0.5625 0.115625 0.1 0.562791 
422 0 0.195312 0.360156 0.096875 0.0796875 0.437666 
