424 0 0.521094 0.414062 0.142188 0.196875 0.81529 
424 0 0.599219 0.225 0.0765625 0.05625 0.810966 
424 0 0.333594 0.389844 0.132812 0.132812 0.754992 
424 0 0.911719 0.274219 0.0765625 0.0609375 0.749448 
424 0 0.1125 0.800781 0.225 0.398438 0.724714 
424 0 0.671094 0.254687 0.0796875 0.065625 0.723729 
424 0 0.400781 0.221875 0.0671875 0.0625 0.684451 
424 0 0.794531 0.228125 0.0609375 0.046875 0.644262 
424 0 0.0671875 0.492188 0.128125 0.15625 0.597139 
424 0 0.305469 0.216406 0.0484375 0.0453125 0.586185 
424 0 0.165625 0.336719 0.075 0.0765625 0.570342 
424 0 0.853125 0.233594 0.053125 0.0453125 0.495111 
424 0 0.423438 0.4 0.115625 0.14375 0.453196 
424 0 0.232812 0.253906 0.04375 0.0484375 0.441306 
