446 0 0.408594 0.338281 0.0828125 0.0703125 0.788817 
446 0 0.854688 0.467187 0.109375 0.08125 0.776081 
446 0 0.246875 0.371094 0.078125 0.0734375 0.763283 
446 0 0.866406 0.354688 0.0609375 0.0625 0.717995 
446 0 0.814844 0.344531 0.0640625 0.0609375 0.712455 
446 0 0.258594 0.291406 0.0734375 0.0546875 0.693647 
446 0 0.228906 0.649219 0.135937 0.104687 0.689756 
446 0 0.696875 0.307031 0.071875 0.0578125 0.637417 
446 0 0.0773437 0.607031 0.132812 0.101562 0.606268 
446 0 0.775 0.323438 0.071875 0.071875 0.54083 
446 0 0.0429688 0.284375 0.0703125 0.0625 0.539552 
446 0 0.509375 0.375 0.090625 0.078125 0.529046 
446 0 0.132812 0.636719 0.109375 0.0890625 0.508648 
446 0 0.429688 0.29375 0.078125 0.059375 0.426783 
