457 0 0.836719 0.426562 0.0984375 0.071875 0.851095 
457 0 0.680469 0.376563 0.0828125 0.065625 0.839439 
457 0 0.213281 0.3875 0.0859375 0.071875 0.802315 
457 0 0.857031 0.35 0.0671875 0.065625 0.797578 
457 0 0.141406 0.630469 0.135937 0.110937 0.791762 
457 0 0.392188 0.288281 0.065625 0.0578125 0.746866 
457 0 0.714844 0.303906 0.0703125 0.0546875 0.696795 
457 0 0.778125 0.327344 0.05625 0.0546875 0.533011 
457 0 0.053125 0.614062 0.1 0.09375 0.509988 
457 0 0.252344 0.367969 0.0671875 0.0671875 0.418216 
