458 0 0.553906 0.50625 0.151562 0.209375 0.843819 
458 0 0.235938 0.485156 0.1375 0.114063 0.83493 
458 0 0.389844 0.407813 0.0953125 0.084375 0.819433 
458 0 0.842969 0.392188 0.0734375 0.059375 0.560225 
458 0 0.279687 0.332031 0.040625 0.0421875 0.50813 
458 0 0.930469 0.43125 0.0796875 0.065625 0.492503 
458 0 0.330469 0.391406 0.0703125 0.0734375 0.481153 
458 0 0.225 0.335938 0.0375 0.0375 0.478723 
458 0 0.34375 0.330469 0.04375 0.0390625 0.458766 
458 0 0.528906 0.310937 0.0328125 0.034375 0.422844 
458 0 0.445312 0.333594 0.040625 0.0453125 0.418293 
