46 0 0.507812 0.616406 0.159375 0.185937 0.796211 
46 0 0.420312 0.520312 0.15625 0.15 0.795213 
46 0 0.157031 0.894531 0.292188 0.195312 0.784564 
46 0 0.16875 0.708594 0.225 0.232812 0.77655 
46 0 0.06875 0.592969 0.134375 0.173438 0.673534 
46 0 0.192969 0.457031 0.104687 0.0921875 0.656387 
46 0 0.319531 0.48125 0.170312 0.1625 0.654226 
46 0 0.404687 0.321094 0.05 0.0484375 0.652402 
46 0 0.332812 0.34375 0.0625 0.05 0.641979 
46 0 0.758594 0.441406 0.120312 0.114063 0.61422 
46 0 0.460156 0.316406 0.0484375 0.0421875 0.601884 
46 0 0.958594 0.423438 0.0796875 0.0875 0.581961 
46 0 0.126563 0.417969 0.075 0.0765625 0.565045 
46 0 0.220313 0.35 0.0375 0.040625 0.524567 
46 0 0.173438 0.357812 0.040625 0.05 0.484319 
46 0 0.571094 0.307031 0.0421875 0.0421875 0.418687 
