469 0 0.540625 0.441406 0.115625 0.148438 0.824148 
469 0 0.802344 0.323438 0.101562 0.0875 0.822354 
469 0 0.365625 0.728125 0.240625 0.3625 0.792853 
469 0 0.621094 0.260938 0.0859375 0.071875 0.764692 
469 0 0.4 0.246094 0.06875 0.0546875 0.74004 
469 0 0.461719 0.235938 0.0609375 0.05 0.709189 
469 0 0.911719 0.272656 0.0609375 0.0546875 0.668424 
469 0 0.150781 0.755469 0.289062 0.451562 0.616967 
469 0 0.741406 0.228125 0.0578125 0.053125 0.544 
469 0 0.385156 0.426562 0.257812 0.259375 0.521273 
469 0 0.229687 0.277344 0.040625 0.0421875 0.409043 
469 0 0.295312 0.238281 0.034375 0.0328125 0.405074 
