473 0 0.0984375 0.415625 0.084375 0.075 0.881503 
473 0 0.582031 0.494531 0.117188 0.107813 0.847322 
473 0 0.382031 0.514063 0.120312 0.109375 0.846913 
473 0 0.2625 0.372656 0.084375 0.0796875 0.819773 
473 0 0.195312 0.382812 0.084375 0.071875 0.77108 
473 0 0.205469 0.504687 0.107813 0.096875 0.762176 
473 0 0.276563 0.295312 0.078125 0.059375 0.76174 
473 0 0.0382813 0.45625 0.0765625 0.096875 0.760257 
473 0 0.246875 0.450781 0.090625 0.0828125 0.746754 
473 0 0.419531 0.378906 0.0859375 0.0640625 0.74276 
473 0 0.365625 0.438281 0.096875 0.0796875 0.715096 
473 0 0.727344 0.60625 0.139062 0.1125 0.704636 
473 0 0.021875 0.653125 0.04375 0.096875 0.697278 
473 0 0.392188 0.345313 0.084375 0.071875 0.443175 
473 0 0.741406 0.555469 0.126563 0.0921875 0.403089 
