475 0 0.0757812 0.603125 0.135937 0.109375 0.826856 
475 0 0.122656 0.451562 0.0859375 0.08125 0.819417 
475 0 0.179688 0.507812 0.096875 0.078125 0.81939 
475 0 0.252344 0.297656 0.0765625 0.0640625 0.793562 
475 0 0.724219 0.3 0.0828125 0.065625 0.751095 
475 0 0.346094 0.363281 0.0765625 0.0640625 0.744188 
475 0 0.758594 0.450781 0.0859375 0.0671875 0.71393 
475 0 0.867188 0.352344 0.06875 0.0609375 0.711155 
475 0 0.346875 0.300781 0.08125 0.0640625 0.706238 
475 0 0.255469 0.367188 0.0890625 0.084375 0.700083 
475 0 0.878125 0.426562 0.103125 0.08125 0.673763 
475 0 0.197656 0.4375 0.0890625 0.075 0.668236 
475 0 0.046875 0.402344 0.071875 0.0671875 0.588033 
475 0 0.246875 0.41875 0.084375 0.075 0.531739 
475 0 0.567969 0.369531 0.0890625 0.0734375 0.525584 
475 0 0.0164062 0.275 0.0328125 0.05625 0.491326 
475 0 0.0546875 0.265625 0.059375 0.059375 0.489956 
475 0 0.141406 0.466406 0.114063 0.101562 0.448941 
475 0 0.742188 0.423438 0.084375 0.065625 0.439989 
475 0 0.0414063 0.370313 0.0796875 0.078125 0.431582 
