479 0 0.25625 0.375 0.084375 0.075 0.820762 
479 0 0.277344 0.494531 0.104687 0.0828125 0.806423 
479 0 0.708594 0.384375 0.0953125 0.071875 0.798691 
479 0 0.203906 0.285937 0.0859375 0.075 0.76886 
479 0 0.321094 0.300781 0.0859375 0.0671875 0.768817 
479 0 0.0265625 0.441406 0.053125 0.110937 0.744132 
479 0 0.476562 0.482031 0.109375 0.0890625 0.721438 
479 0 0.569531 0.401563 0.101562 0.08125 0.701756 
479 0 0.04375 0.265625 0.075 0.06875 0.588868 
479 0 0.304688 0.465625 0.096875 0.075 0.483779 
