485 0 0.0515625 0.61875 0.103125 0.10625 0.803365 
485 0 0.824219 0.423438 0.0984375 0.071875 0.799922 
485 0 0.352344 0.333594 0.0859375 0.0703125 0.790261 
485 0 0.122656 0.414062 0.0890625 0.084375 0.786987 
485 0 0.24375 0.652344 0.134375 0.0984375 0.780764 
485 0 0.648438 0.427344 0.090625 0.0734375 0.767586 
485 0 0.76875 0.332812 0.065625 0.05625 0.764706 
485 0 0.416406 0.371875 0.0859375 0.075 0.762892 
485 0 0.866406 0.348437 0.0703125 0.065625 0.762338 
485 0 0.0601562 0.533594 0.107813 0.0828125 0.737087 
485 0 0.763281 0.39375 0.0890625 0.065625 0.713264 
485 0 0.0296875 0.361719 0.059375 0.0703125 0.65628 
485 0 0.0960938 0.290625 0.0734375 0.0625 0.591561 
485 0 0.626562 0.397656 0.084375 0.0609375 0.408728 
