491 0 0.355469 0.513281 0.114063 0.0953125 0.846697 
491 0 0.7125 0.414062 0.09375 0.08125 0.840067 
491 0 0.841406 0.360938 0.0671875 0.065625 0.829706 
491 0 0.358594 0.367188 0.0796875 0.0625 0.81712 
491 0 0.236719 0.278906 0.0765625 0.0734375 0.722413 
491 0 0.465625 0.346094 0.0875 0.0734375 0.706991 
491 0 0.0273438 0.445312 0.0546875 0.096875 0.689642 
491 0 0.857031 0.284375 0.0765625 0.075 0.683648 
491 0 0.0976562 0.283594 0.0671875 0.0609375 0.636156 
491 0 0.6125 0.58125 0.125 0.1125 0.611579 
491 0 0.4 0.454688 0.09375 0.078125 0.610772 
491 0 0.172656 0.286719 0.0609375 0.0578125 0.589841 
491 0 0.322656 0.336719 0.0765625 0.0546875 0.572288 
491 0 0.905469 0.334375 0.0546875 0.06875 0.53651 
