499 0 0.360156 0.447656 0.110937 0.0796875 0.835197 
499 0 0.133594 0.484375 0.107813 0.0875 0.827372 
499 0 0.267188 0.314063 0.08125 0.065625 0.789778 
499 0 0.539844 0.524219 0.107813 0.0890625 0.769029 
499 0 0.463281 0.342187 0.0984375 0.075 0.719223 
499 0 0.874219 0.560156 0.114063 0.104687 0.685118 
499 0 0.86875 0.447656 0.1 0.0734375 0.615418 
499 0 0.0476562 0.260156 0.0796875 0.0609375 0.542 
499 0 0.189844 0.460938 0.0953125 0.084375 0.526807 
499 0 0.170312 0.267188 0.075 0.059375 0.521246 
