508 0 0.0648438 0.610937 0.123438 0.1 0.836024 
508 0 0.669531 0.391406 0.0953125 0.0703125 0.803372 
508 0 0.203125 0.4125 0.0875 0.075 0.788939 
508 0 0.870313 0.558594 0.1125 0.0921875 0.787397 
508 0 0.753906 0.332031 0.0640625 0.0671875 0.781085 
508 0 0.860156 0.350781 0.0703125 0.0671875 0.772158 
508 0 0.450781 0.385938 0.0859375 0.0625 0.763966 
508 0 0.242188 0.369531 0.078125 0.0734375 0.733577 
508 0 0.628125 0.576563 0.140625 0.109375 0.722422 
508 0 0.319531 0.317187 0.0703125 0.0625 0.718514 
508 0 0.25 0.315625 0.071875 0.059375 0.632542 
508 0 0.889063 0.464063 0.103125 0.084375 0.592503 
508 0 0.595312 0.359375 0.08125 0.065625 0.550319 
