52 0 0.625 0.507812 0.1125 0.090625 0.839923 
52 0 0.203906 0.380469 0.0890625 0.0765625 0.824939 
52 0 0.349219 0.319531 0.0828125 0.0671875 0.811819 
52 0 0.292969 0.49375 0.104687 0.084375 0.810727 
52 0 0.841406 0.432031 0.107813 0.0953125 0.809246 
52 0 0.38125 0.486719 0.103125 0.0859375 0.803003 
52 0 0.0875 0.610937 0.121875 0.096875 0.800521 
52 0 0.0914062 0.350781 0.0703125 0.0640625 0.784247 
52 0 0.257812 0.364062 0.08125 0.078125 0.618517 
52 0 0.222656 0.308594 0.0734375 0.0546875 0.565709 
52 0 0.901563 0.334375 0.06875 0.06875 0.496565 
52 0 0.660937 0.616406 0.121875 0.107813 0.492424 
52 0 0.06875 0.314844 0.075 0.0609375 0.413216 
