520 0 0.498437 0.353906 0.121875 0.154687 0.82231 
520 0 0.297656 0.360938 0.139062 0.159375 0.820274 
520 0 0.176563 0.36875 0.115625 0.115625 0.6855 
520 0 0.789844 0.216406 0.0578125 0.0640625 0.673162 
520 0 0.524219 0.15 0.0546875 0.05 0.667658 
520 0 0.370313 0.182812 0.05625 0.046875 0.635601 
520 0 0.0460938 0.514844 0.0859375 0.192188 0.629076 
520 0 0.964844 0.252344 0.0703125 0.0640625 0.528378 
520 0 0.905469 0.289844 0.0859375 0.0859375 0.5091 
520 0 0.85625 0.203906 0.071875 0.0515625 0.427163 
520 0 0.125781 0.338281 0.0953125 0.114063 0.408223 
