527 0 0.296875 0.351562 0.08125 0.0625 0.867557 
527 0 0.028125 0.41875 0.05625 0.08125 0.854889 
527 0 0.74375 0.403906 0.10625 0.0828125 0.850198 
527 0 0.408594 0.517187 0.114063 0.109375 0.775503 
527 0 0.154687 0.633594 0.13125 0.107813 0.768794 
527 0 0.174219 0.494531 0.0984375 0.0953125 0.762549 
527 0 0.59375 0.415625 0.096875 0.071875 0.759032 
527 0 0.329688 0.305469 0.06875 0.0578125 0.718508 
527 1 0.892187 0.321875 0.121875 0.128125 0.699009 
527 0 0.065625 0.292188 0.06875 0.059375 0.658775 
527 0 0.0320312 0.642187 0.0640625 0.09375 0.65615 
527 0 0.604688 0.54375 0.1125 0.084375 0.652334 
527 0 0.144531 0.422656 0.0859375 0.0703125 0.629946 
527 0 0.632031 0.509375 0.107813 0.084375 0.550008 
