53 0 0.873438 0.346094 0.06875 0.0703125 0.814094 
53 0 0.123438 0.339844 0.078125 0.0671875 0.801016 
53 0 0.410156 0.357031 0.0796875 0.0671875 0.775974 
53 0 0.0476562 0.625 0.0953125 0.1 0.769468 
53 0 0.229687 0.360938 0.10625 0.090625 0.767265 
53 0 0.142188 0.628906 0.121875 0.101562 0.750289 
53 0 0.705469 0.432813 0.0953125 0.078125 0.722068 
53 0 0.0289063 0.303125 0.0578125 0.071875 0.70558 
53 0 0.264062 0.303906 0.06875 0.0609375 0.70406 
53 0 0.242188 0.660937 0.128125 0.096875 0.591608 
53 0 0.107813 0.278906 0.065625 0.0578125 0.577871 
53 0 0.3875 0.3125 0.071875 0.059375 0.534202 
53 0 0.826563 0.339844 0.0625 0.0609375 0.517433 
53 0 0.79375 0.325 0.0625 0.059375 0.426194 
