533 0 0.2875 0.378906 0.0875 0.0734375 0.820709 
533 0 0.14375 0.635156 0.128125 0.0921875 0.802376 
533 0 0.727344 0.439063 0.0515625 0.075 0.775129 
533 0 0.739844 0.360156 0.0671875 0.0609375 0.768317 
533 0 0.0703125 0.398438 0.0875 0.08125 0.730526 
533 0 0.128906 0.3875 0.0765625 0.075 0.697744 
533 0 0.857031 0.328125 0.0640625 0.059375 0.688788 
533 0 0.0210938 0.45 0.0390625 0.078125 0.677168 
533 0 0.691406 0.352344 0.0703125 0.0609375 0.652716 
533 0 0.815625 0.309375 0.065625 0.06875 0.613569 
