54 0 0.475781 0.395312 0.142188 0.18125 0.820847 
54 0 0.232031 0.557031 0.195312 0.248437 0.798167 
54 0 0.321094 0.344531 0.123438 0.135937 0.677644 
54 0 0.0726563 0.629687 0.145313 0.215625 0.671035 
54 0 0.213281 0.365625 0.117188 0.140625 0.64048 
54 0 0.144531 0.888281 0.289062 0.204688 0.555908 
54 0 0.394531 0.160938 0.0546875 0.04375 0.468159 
54 0 0.859375 0.221875 0.075 0.0625 0.442575 
54 0 0.961719 0.248437 0.0703125 0.065625 0.42006 
54 0 0.065625 0.477344 0.13125 0.148438 0.418823 
54 0 0.559375 0.146094 0.059375 0.0515625 0.414993 
54 0 0.414062 0.340625 0.10625 0.11875 0.407768 
