548 0 0.820312 0.457812 0.103125 0.075 0.833048 
548 0 0.382812 0.316406 0.08125 0.0609375 0.803086 
548 0 0.876562 0.350781 0.071875 0.0671875 0.795348 
548 0 0.727344 0.385938 0.0921875 0.06875 0.79301 
548 0 0.171875 0.424219 0.103125 0.0890625 0.792348 
548 0 0.25 0.329688 0.084375 0.078125 0.791889 
548 0 0.221094 0.664062 0.132812 0.096875 0.74125 
548 0 0.164062 0.289844 0.075 0.0640625 0.716747 
548 0 0.755469 0.328125 0.0671875 0.065625 0.704453 
548 0 0.0320312 0.2625 0.0640625 0.071875 0.658514 
548 0 0.815625 0.344531 0.0625 0.0609375 0.658178 
548 0 0.571094 0.384375 0.0859375 0.075 0.612737 
548 0 0.0585938 0.617188 0.117188 0.0875 0.500328 
548 0 0.053125 0.673437 0.10625 0.10625 0.484921 
