556 0 0.398438 0.555469 0.1375 0.139062 0.855553 
556 0 0.0710938 0.609375 0.132812 0.1125 0.839141 
556 0 0.283594 0.429688 0.0953125 0.08125 0.816945 
556 0 0.0695312 0.377344 0.0890625 0.0765625 0.807178 
556 0 0.86875 0.352344 0.06875 0.0640625 0.804086 
556 0 0.210156 0.477344 0.0984375 0.0859375 0.79467 
556 0 0.163281 0.294531 0.0859375 0.0765625 0.76849 
556 0 0.034375 0.45625 0.06875 0.0875 0.752899 
556 0 0.566406 0.392188 0.0859375 0.065625 0.750674 
556 0 0.642969 0.379687 0.0921875 0.078125 0.705864 
556 0 0.526563 0.489062 0.103125 0.09375 0.656533 
556 0 0.391406 0.475 0.101562 0.0875 0.589213 
556 0 0.503125 0.549219 0.103125 0.0921875 0.521069 
556 0 0.514844 0.516406 0.107813 0.114063 0.403012 
