563 0 0.0515625 0.425781 0.1 0.0921875 0.862855 
563 0 0.296094 0.3125 0.0734375 0.05625 0.821318 
563 0 0.119531 0.386719 0.0828125 0.0703125 0.814151 
563 0 0.758594 0.40625 0.0921875 0.06875 0.795391 
563 0 0.220313 0.476562 0.09375 0.078125 0.78572 
563 0 0.327344 0.532812 0.117188 0.103125 0.773457 
563 0 0.260938 0.422656 0.090625 0.0796875 0.772565 
563 0 0.385938 0.488281 0.103125 0.0859375 0.746055 
563 0 0.691406 0.588281 0.142188 0.120312 0.721737 
563 0 0.53125 0.399219 0.0875 0.0703125 0.70598 
563 0 0.1375 0.307031 0.071875 0.0578125 0.688318 
563 0 0.68125 0.516406 0.15 0.104687 0.688139 
563 0 0.478125 0.332031 0.075 0.0609375 0.681903 
563 0 0.721094 0.384375 0.0734375 0.059375 0.439614 
