568 0 0.367188 0.357812 0.059375 0.075 0.81988 
568 0 0.820312 0.340625 0.059375 0.0625 0.783659 
568 0 0.761719 0.395312 0.0640625 0.06875 0.780145 
568 0 0.225 0.358594 0.090625 0.0859375 0.766081 
568 0 0.0453125 0.432813 0.084375 0.078125 0.763602 
568 0 0.746875 0.492188 0.065625 0.0875 0.741402 
568 0 0.120312 0.420312 0.084375 0.078125 0.69791 
568 0 0.307813 0.519531 0.10625 0.0828125 0.673305 
568 0 0.173438 0.403906 0.084375 0.0796875 0.643722 
568 0 0.0210938 0.360938 0.0421875 0.071875 0.635229 
568 0 0.2 0.647656 0.175 0.142188 0.613353 
568 1 0.910156 0.308594 0.126563 0.154687 0.422114 
