575 0 0.31875 0.760938 0.26875 0.41875 0.87171 
575 0 0.533594 0.432813 0.123438 0.159375 0.840232 
575 0 0.402344 0.435156 0.145313 0.157813 0.805879 
575 0 0.102344 0.526563 0.167187 0.178125 0.748996 
575 0 0.307813 0.375 0.115625 0.109375 0.748759 
575 0 0.134375 0.714844 0.228125 0.282813 0.733767 
575 0 0.846875 0.309375 0.0875 0.0875 0.676995 
575 0 0.922656 0.295312 0.0609375 0.05625 0.569349 
575 0 0.25625 0.270312 0.034375 0.040625 0.523847 
575 0 0.8125 0.234375 0.059375 0.05 0.490642 
575 0 0.327344 0.235156 0.0390625 0.0359375 0.405207 
