576 0 0.136719 0.39375 0.0859375 0.075 0.856596 
576 0 0.2625 0.378125 0.0875 0.071875 0.825887 
576 0 0.734375 0.561719 0.0875 0.104687 0.814942 
576 0 0.0304688 0.423438 0.0609375 0.078125 0.783154 
576 0 0.880469 0.532812 0.0953125 0.078125 0.65795 
576 0 0.0632813 0.617969 0.110937 0.0890625 0.599461 
576 0 0.025 0.357812 0.05 0.071875 0.543532 
576 0 0.132812 0.642187 0.1125 0.09375 0.518897 
576 0 0.185156 0.670313 0.120312 0.084375 0.479906 
576 0 0.053125 0.407813 0.08125 0.08125 0.440246 
