585 0 0.633594 0.472656 0.120312 0.0828125 0.829643 
585 0 0.364062 0.346875 0.078125 0.065625 0.819518 
585 0 0.0679687 0.619531 0.120312 0.101562 0.811127 
585 0 0.779688 0.508594 0.146875 0.0953125 0.807005 
585 0 0.579687 0.389844 0.090625 0.0703125 0.76675 
585 0 0.149219 0.392969 0.0828125 0.0796875 0.766038 
585 0 0.246875 0.333594 0.075 0.0640625 0.725802 
585 0 0.0859375 0.407813 0.078125 0.075 0.688324 
585 0 0.503906 0.342187 0.0765625 0.059375 0.680563 
585 0 0.277344 0.522656 0.110937 0.0828125 0.660903 
585 0 0.0367187 0.419531 0.0734375 0.0890625 0.627586 
585 0 0.877344 0.411719 0.101562 0.0828125 0.61998 
585 0 0.339844 0.30625 0.0671875 0.05625 0.598426 
585 0 0.194531 0.377344 0.0890625 0.0828125 0.514308 
585 0 0.752344 0.442187 0.0984375 0.071875 0.489349 
