592 0 0.138281 0.489062 0.101562 0.0875 0.860792 
592 0 0.735937 0.559375 0.134375 0.121875 0.821356 
592 0 0.03125 0.385156 0.0625 0.0890625 0.819134 
592 0 0.250781 0.453125 0.104687 0.08125 0.777559 
592 0 0.582812 0.491406 0.121875 0.101562 0.741279 
592 0 0.323438 0.535937 0.11875 0.103125 0.726256 
592 0 0.452344 0.535156 0.110937 0.0890625 0.615025 
592 0 0.108594 0.441406 0.101562 0.0765625 0.578199 
592 0 0.216406 0.400781 0.0953125 0.0734375 0.482268 
592 0 0.889063 0.575781 0.13125 0.101562 0.438617 
