595 0 0.792969 0.448438 0.110937 0.090625 0.826289 
595 0 0.402344 0.554688 0.117188 0.1125 0.813938 
595 0 0.877344 0.350781 0.0703125 0.0671875 0.808308 
595 0 0.171094 0.367188 0.0828125 0.0875 0.799352 
595 0 0.4 0.373437 0.09375 0.06875 0.773712 
595 0 0.247656 0.424219 0.0859375 0.0765625 0.737676 
595 0 0.221875 0.664062 0.134375 0.096875 0.721312 
595 0 0.755469 0.334375 0.0640625 0.0625 0.705131 
595 0 0.815625 0.344531 0.0625 0.0609375 0.653534 
595 0 0.292969 0.261719 0.0921875 0.0734375 0.630536 
595 0 0.260156 0.372656 0.0828125 0.0671875 0.584645 
595 0 0.585156 0.367188 0.0828125 0.075 0.552536 
595 0 0.178125 0.273438 0.071875 0.05625 0.540159 
595 0 0.377344 0.345313 0.0796875 0.0625 0.500401 
595 0 0.410937 0.486719 0.1 0.0828125 0.475001 
595 0 0.0460938 0.270312 0.0640625 0.059375 0.439708 
595 0 0.742188 0.299219 0.071875 0.0546875 0.429662 
595 0 0.0578125 0.660937 0.115625 0.109375 0.415548 
