597 0 0.276563 0.451562 0.1 0.078125 0.832947 
597 0 0.860937 0.351562 0.06875 0.075 0.806448 
597 0 0.0726563 0.469531 0.101562 0.0953125 0.796718 
597 0 0.742188 0.566406 0.121875 0.117188 0.77603 
597 0 0.485156 0.549219 0.120312 0.0921875 0.739277 
597 0 0.101562 0.660156 0.13125 0.0921875 0.723192 
597 0 0.191406 0.373437 0.0828125 0.084375 0.718596 
597 0 0.698438 0.645312 0.1375 0.128125 0.635428 
597 0 0.484375 0.375 0.0875 0.065625 0.588884 
597 0 0.0476562 0.617969 0.0953125 0.101562 0.549193 
597 0 0.0382813 0.386719 0.0765625 0.0828125 0.484619 
597 0 0.428125 0.492188 0.084375 0.08125 0.445815 
