6 0 0.0515625 0.630469 0.103125 0.0984375 0.829579 
6 0 0.757812 0.385938 0.090625 0.071875 0.82772 
6 0 0.109375 0.302344 0.06875 0.0609375 0.803255 
6 0 0.861719 0.432031 0.0890625 0.0671875 0.791873 
6 0 0.411719 0.492969 0.101562 0.0890625 0.781841 
6 0 0.396875 0.332031 0.0875 0.0703125 0.781568 
6 0 0.177344 0.352344 0.0796875 0.0703125 0.772793 
6 0 0.732031 0.303125 0.0734375 0.059375 0.74502 
6 0 0.863281 0.349219 0.0734375 0.0703125 0.724208 
6 0 0.15625 0.460938 0.090625 0.09375 0.717109 
6 1 0.689062 0.529688 0.26875 0.2375 0.633798 
6 0 0.158594 0.282031 0.0671875 0.0546875 0.455042 
6 0 0.0320312 0.221875 0.0578125 0.053125 0.442189 
6 0 0.424219 0.292188 0.0828125 0.059375 0.440769 
6 0 0.598437 0.303906 0.08125 0.0671875 0.439741 
6 0 0.48125 0.377344 0.090625 0.0828125 0.428069 
