604 0 0.807031 0.511719 0.123438 0.0953125 0.842719 
604 0 0.78125 0.432813 0.096875 0.071875 0.819785 
604 0 0.0507812 0.630469 0.101562 0.0984375 0.808857 
604 0 0.528125 0.4625 0.103125 0.078125 0.794607 
604 0 0.617188 0.380469 0.09375 0.0703125 0.788601 
604 0 0.0875 0.408594 0.090625 0.0859375 0.753942 
604 0 0.758594 0.335938 0.0578125 0.0625 0.72983 
604 0 0.192969 0.322656 0.0796875 0.0609375 0.723077 
604 0 0.471094 0.364062 0.0921875 0.071875 0.713144 
604 0 0.065625 0.55 0.121875 0.096875 0.69274 
604 0 0.0304688 0.403906 0.0609375 0.101562 0.688338 
604 0 0.857031 0.307031 0.0890625 0.114063 0.646223 
604 0 0.142188 0.390625 0.078125 0.075 0.625972 
604 0 0.424219 0.503906 0.114063 0.0859375 0.570598 
604 0 0.180469 0.375 0.0828125 0.08125 0.534934 
604 0 0.065625 0.342187 0.096875 0.08125 0.498692 
604 0 0.222656 0.292969 0.0765625 0.0671875 0.498425 
604 0 0.53125 0.334375 0.09375 0.078125 0.466389 
604 0 0.0546875 0.408594 0.096875 0.0921875 0.460841 
604 0 0.115625 0.514844 0.09375 0.0734375 0.419836 
