607 0 0.28125 0.464063 0.1 0.08125 0.867208 
607 0 0.745313 0.564062 0.1625 0.13125 0.837757 
607 0 0.139062 0.482812 0.115625 0.103125 0.828695 
607 0 0.810156 0.338281 0.0796875 0.0796875 0.774656 
607 0 0.059375 0.374219 0.078125 0.0703125 0.770672 
607 0 0.1875 0.380469 0.08125 0.0734375 0.759443 
607 0 0.505469 0.546094 0.120312 0.104687 0.745036 
607 0 0.872656 0.353906 0.0671875 0.0671875 0.724664 
607 0 0.0859375 0.440625 0.0875 0.071875 0.670259 
607 0 0.263281 0.364844 0.0859375 0.0703125 0.537274 
607 0 0.0585938 0.615625 0.117188 0.115625 0.53683 
607 0 0.104687 0.648438 0.128125 0.096875 0.525648 
607 0 0.153125 0.342969 0.075 0.0671875 0.471208 
607 0 0.0164062 0.327344 0.0328125 0.0640625 0.406914 
