609 0 0.839063 0.36875 0.0625 0.059375 0.809022 
609 0 0.189063 0.379687 0.084375 0.075 0.770426 
609 1 0.735156 0.39375 0.104687 0.134375 0.716885 
609 0 0.121875 0.332031 0.08125 0.0796875 0.7163 
609 0 0.0382813 0.428906 0.0734375 0.0796875 0.641833 
609 0 0.882812 0.322656 0.059375 0.0578125 0.64025 
609 0 0.23125 0.360938 0.084375 0.075 0.607301 
609 0 0.0179687 0.355469 0.0359375 0.0703125 0.584946 
609 0 0.150781 0.654688 0.301562 0.240625 0.570583 
609 0 0.0789063 0.407813 0.0828125 0.071875 0.568584 
609 0 0.117188 0.389844 0.078125 0.0703125 0.516969 
609 0 0.0617188 0.341406 0.0734375 0.0640625 0.473596 
