611 0 0.541406 0.567187 0.145313 0.175 0.849278 
611 0 0.730469 0.673437 0.179688 0.2375 0.824548 
611 0 0.203906 0.717969 0.214062 0.245312 0.799144 
611 0 0.272656 0.521875 0.148438 0.13125 0.787589 
611 0 0.446094 0.499219 0.148438 0.151562 0.775069 
611 0 0.685156 0.398438 0.0890625 0.090625 0.76211 
611 0 0.860156 0.575 0.117188 0.1375 0.576781 
611 0 0.19375 0.48125 0.13125 0.134375 0.554773 
611 1 0.833594 0.391406 0.148438 0.145313 0.515377 
611 0 0.28125 0.333594 0.040625 0.0390625 0.49428 
611 0 0.175 0.359375 0.04375 0.046875 0.412401 
