616 0 0.748438 0.334375 0.071875 0.071875 0.838901 
616 0 0.115625 0.488281 0.103125 0.0890625 0.817425 
616 0 0.178906 0.375781 0.0859375 0.0796875 0.811718 
616 0 0.229687 0.301562 0.06875 0.059375 0.81022 
616 0 0.236719 0.448438 0.0984375 0.0875 0.800311 
616 0 0.719531 0.655469 0.135937 0.107813 0.762993 
616 0 0.847656 0.3625 0.0671875 0.0625 0.746837 
616 0 0.0546875 0.369531 0.08125 0.0796875 0.739296 
616 0 0.254687 0.372656 0.08125 0.0671875 0.670508 
616 0 0.296094 0.434375 0.0828125 0.078125 0.65795 
616 0 0.0835937 0.664062 0.132812 0.096875 0.556406 
616 0 0.0257812 0.307031 0.0515625 0.0609375 0.537087 
616 0 0.590625 0.569531 0.125 0.0859375 0.522315 
616 0 0.0453125 0.627344 0.090625 0.104687 0.477504 
616 0 0.814062 0.342187 0.0625 0.059375 0.441038 
616 0 0.90625 0.340625 0.05625 0.0625 0.430411 
