618 0 0.0960938 0.523438 0.114063 0.090625 0.829666 
618 0 0.090625 0.411719 0.08125 0.0765625 0.806437 
618 0 0.659375 0.374219 0.078125 0.0609375 0.781554 
618 0 0.253906 0.373437 0.0859375 0.06875 0.763659 
618 0 0.282813 0.325781 0.078125 0.0578125 0.749606 
618 0 0.863281 0.448438 0.101562 0.08125 0.731384 
618 0 0.613281 0.422656 0.0921875 0.0671875 0.723589 
618 0 0.146875 0.397656 0.078125 0.0734375 0.693549 
618 0 0.0296875 0.574219 0.059375 0.107813 0.640615 
618 0 0.015625 0.384375 0.028125 0.075 0.545451 
618 0 0.802344 0.419531 0.0765625 0.0671875 0.514893 
