63 0 0.542969 0.488281 0.120312 0.104687 0.847858 
63 0 0.0539063 0.436719 0.0921875 0.0765625 0.802128 
63 0 0.415625 0.523438 0.109375 0.103125 0.787469 
63 0 0.735937 0.385938 0.1125 0.08125 0.771733 
63 0 0.189063 0.411719 0.0875 0.0765625 0.766213 
63 0 0.878906 0.346094 0.0703125 0.0734375 0.700065 
63 0 0.303906 0.545313 0.117188 0.096875 0.686943 
63 0 0.247656 0.373437 0.0796875 0.075 0.670139 
63 0 0.164062 0.347656 0.075 0.0671875 0.658652 
63 0 0.816406 0.59375 0.123438 0.096875 0.605448 
63 0 0.0570313 0.335938 0.0859375 0.078125 0.592511 
63 0 0.839844 0.292188 0.0765625 0.0625 0.582581 
63 0 0.0570313 0.614844 0.110937 0.0765625 0.444339 
63 0 0.084375 0.654688 0.11875 0.08125 0.440722 
