634 0 0.0335938 0.459375 0.0640625 0.084375 0.795759 
634 0 0.414062 0.3625 0.0875 0.065625 0.77231 
634 0 0.157031 0.398438 0.0828125 0.075 0.766954 
634 0 0.711719 0.644531 0.151562 0.145313 0.718432 
634 0 0.257812 0.442187 0.11875 0.1 0.705987 
634 0 0.273438 0.529688 0.121875 0.1 0.685087 
634 0 0.585938 0.500781 0.1125 0.0890625 0.668907 
634 0 0.102344 0.359375 0.0765625 0.06875 0.660635 
634 0 0.253906 0.371094 0.0828125 0.0671875 0.573191 
634 0 0.547656 0.554688 0.117188 0.109375 0.556363 
634 0 0.0585938 0.43125 0.0828125 0.075 0.515696 
634 0 0.3625 0.644531 0.159375 0.129688 0.454011 
