638 0 0.359375 0.451562 0.10625 0.084375 0.857527 
638 0 0.8 0.455469 0.10625 0.0796875 0.853375 
638 0 0.08125 0.374219 0.090625 0.0765625 0.841734 
638 0 0.386719 0.566406 0.114063 0.0921875 0.803789 
638 0 0.85625 0.35625 0.071875 0.06875 0.793281 
638 0 0.199219 0.322656 0.0765625 0.0640625 0.756341 
638 0 0.821875 0.588281 0.125 0.0953125 0.716553 
638 0 0.259375 0.31875 0.071875 0.059375 0.708834 
638 0 0.464844 0.54375 0.117188 0.096875 0.677432 
638 1 0.146875 0.677344 0.29375 0.251563 0.520089 
