639 0 0.116406 0.421875 0.0953125 0.08125 0.81808 
639 0 0.809375 0.535156 0.09375 0.107813 0.809169 
639 0 0.278125 0.31875 0.075 0.071875 0.774169 
639 0 0.219531 0.644531 0.148438 0.117188 0.703391 
639 0 0.8125 0.344531 0.0625 0.0546875 0.673149 
639 0 0.423438 0.432031 0.065625 0.0984375 0.637739 
639 1 0.784375 0.303906 0.10625 0.123438 0.603 
639 0 0.884375 0.317969 0.065625 0.0703125 0.527009 
639 0 0.198437 0.553125 0.128125 0.1 0.489569 
639 0 0.0734375 0.653125 0.14375 0.128125 0.466451 
639 0 0.0257812 0.260938 0.0515625 0.0625 0.46608 
