64 0 0.338281 0.469531 0.117188 0.0859375 0.842833 
64 0 0.589063 0.46875 0.128125 0.0875 0.82501 
64 0 0.835938 0.401563 0.096875 0.078125 0.814334 
64 0 0.728906 0.439844 0.0953125 0.0796875 0.809026 
64 0 0.380469 0.317187 0.0734375 0.059375 0.763773 
64 0 0.222656 0.359375 0.0859375 0.0875 0.745295 
64 0 0.121094 0.419531 0.0828125 0.0765625 0.734789 
64 0 0.296094 0.351562 0.0703125 0.065625 0.715824 
64 0 0.721875 0.617969 0.103125 0.132812 0.712731 
64 0 0.0460938 0.433594 0.0828125 0.0796875 0.652149 
64 0 0.84375 0.528125 0.11875 0.0875 0.64538 
64 0 0.13125 0.546875 0.103125 0.090625 0.644466 
64 0 0.173438 0.405469 0.084375 0.0796875 0.632554 
64 0 0.58125 0.371875 0.08125 0.071875 0.514745 
64 0 0.69375 0.409375 0.08125 0.065625 0.482617 
64 0 0.075 0.278906 0.0625 0.0578125 0.476162 
64 1 0.05625 0.576563 0.1125 0.221875 0.471112 
64 0 0.147656 0.279687 0.0640625 0.059375 0.421415 
