640 0 0.4875 0.372656 0.140625 0.182812 0.850826 
640 0 0.241406 0.792188 0.273438 0.403125 0.823048 
640 0 0.0867188 0.504687 0.148438 0.175 0.795081 
640 0 0.348437 0.403906 0.15 0.179688 0.749972 
640 0 0.885156 0.35 0.123438 0.125 0.693172 
640 0 0.0726563 0.814844 0.145313 0.326562 0.638716 
640 0 0.978906 0.303125 0.0421875 0.090625 0.581545 
640 0 0.201562 0.340625 0.09375 0.10625 0.536627 
640 0 0.752344 0.163281 0.0578125 0.0484375 0.421299 
640 0 0.274219 0.201562 0.0421875 0.0375 0.418602 
