642 0 0.603125 0.496875 0.1125 0.1 0.827379 
642 0 0.0617188 0.625781 0.123438 0.114063 0.814775 
642 0 0.639844 0.385156 0.0953125 0.0703125 0.8128 
642 0 0.359375 0.515625 0.109375 0.0875 0.812445 
642 0 0.75 0.439844 0.1 0.0859375 0.811452 
642 0 0.114063 0.448438 0.090625 0.084375 0.80751 
642 0 0.30625 0.334375 0.084375 0.065625 0.794065 
642 0 0.41875 0.577344 0.109375 0.0921875 0.740287 
642 0 0.510938 0.51875 0.09375 0.090625 0.674687 
642 0 0.492969 0.339063 0.0828125 0.0625 0.665223 
642 0 0.821094 0.585156 0.129688 0.107813 0.593568 
642 0 0.183594 0.283594 0.0734375 0.0640625 0.45727 
642 0 0.133594 0.421094 0.0984375 0.0796875 0.429751 
