644 0 0.785937 0.416406 0.1 0.0703125 0.854267 
644 0 0.148438 0.367188 0.096875 0.084375 0.800617 
644 0 0.853125 0.353125 0.075 0.075 0.797999 
644 0 0.334375 0.360938 0.084375 0.065625 0.795796 
644 0 0.755469 0.33125 0.0828125 0.078125 0.761877 
644 0 0.04375 0.341406 0.075 0.0671875 0.753983 
644 0 0.128125 0.632031 0.159375 0.129688 0.694182 
644 0 0.278906 0.489844 0.114063 0.0921875 0.680458 
644 0 0.228125 0.519531 0.1125 0.101562 0.625526 
644 0 0.217187 0.365625 0.084375 0.075 0.599462 
644 0 0.5 0.505469 0.128125 0.110937 0.587109 
644 0 0.0523437 0.608594 0.104687 0.123438 0.510133 
644 0 0.210156 0.678906 0.129688 0.0953125 0.49 
644 0 0.111719 0.328125 0.0734375 0.06875 0.475643 
