65 0 0.245312 0.445312 0.1 0.09375 0.794602 
65 0 0.075 0.621094 0.125 0.0921875 0.75956 
65 0 0.827344 0.341406 0.0671875 0.0640625 0.733277 
65 0 0.225781 0.299219 0.0703125 0.0609375 0.73276 
65 0 0.775 0.332031 0.0625 0.0609375 0.707868 
65 0 0.0351562 0.45625 0.0703125 0.09375 0.651903 
65 0 0.0664062 0.272656 0.0703125 0.0640625 0.646436 
65 0 0.298438 0.430469 0.090625 0.0890625 0.640263 
65 0 0.08125 0.405469 0.08125 0.0765625 0.62791 
65 0 0.527344 0.371094 0.104687 0.0859375 0.613326 
65 0 0.0453125 0.358594 0.08125 0.0703125 0.582529 
