652 0 0.73125 0.560938 0.15625 0.11875 0.8518 
652 0 0.160156 0.460156 0.0953125 0.0859375 0.833248 
652 0 0.371094 0.482812 0.104687 0.0875 0.8236 
652 0 0.878125 0.347656 0.075 0.0765625 0.793803 
652 0 0.0328125 0.390625 0.065625 0.084375 0.754282 
652 0 0.56875 0.400781 0.090625 0.0828125 0.743429 
652 0 0.503125 0.55 0.121875 0.096875 0.725549 
652 0 0.284375 0.535937 0.115625 0.09375 0.674149 
652 0 0.341406 0.31875 0.0859375 0.075 0.672536 
652 0 0.760156 0.666406 0.129688 0.104687 0.605429 
652 0 0.522656 0.488281 0.0890625 0.0796875 0.595173 
652 0 0.11875 0.285937 0.06875 0.0625 0.56956 
652 0 0.0257812 0.282031 0.0515625 0.0578125 0.508941 
652 0 0.5 0.369531 0.078125 0.0671875 0.434509 
652 0 0.888281 0.450781 0.0984375 0.0796875 0.424898 
