655 0 0.06875 0.4125 0.09375 0.075 0.784247 
655 0 0.86875 0.351562 0.065625 0.0625 0.777309 
655 0 0.757812 0.322656 0.078125 0.0890625 0.721072 
655 0 0.432813 0.473437 0.10625 0.0875 0.715749 
655 0 0.196094 0.382812 0.0859375 0.075 0.691137 
655 0 0.258594 0.378125 0.0796875 0.071875 0.648901 
655 0 0.86875 0.569531 0.125 0.0984375 0.64225 
655 1 0.0585938 0.298438 0.117188 0.15625 0.62866 
655 0 0.829687 0.315625 0.059375 0.059375 0.617819 
655 0 0.128125 0.64375 0.121875 0.090625 0.594865 
655 0 0.065625 0.615625 0.115625 0.090625 0.564958 
655 0 0.20625 0.677344 0.128125 0.0953125 0.537648 
