663 0 0.714844 0.417188 0.104687 0.075 0.823906 
663 0 0.0570313 0.61875 0.114063 0.096875 0.818129 
663 0 0.860937 0.425 0.109375 0.08125 0.795325 
663 0 0.875781 0.349219 0.0640625 0.0640625 0.749644 
663 0 0.379687 0.288281 0.071875 0.0578125 0.690222 
663 0 0.154687 0.295312 0.078125 0.059375 0.658534 
663 0 0.813281 0.341406 0.0671875 0.0640625 0.643658 
663 0 0.763281 0.334375 0.0640625 0.059375 0.583969 
663 0 0.475781 0.353125 0.0796875 0.059375 0.514981 
663 0 0.513281 0.389062 0.0984375 0.078125 0.514291 
