690 0 0.0914062 0.438281 0.110937 0.0984375 0.840508 
690 0 0.0664062 0.625 0.132812 0.1 0.824992 
690 0 0.709375 0.399219 0.090625 0.0671875 0.814691 
690 0 0.228906 0.441406 0.101562 0.0921875 0.790694 
690 0 0.323438 0.547656 0.1125 0.0921875 0.755145 
690 0 0.0390625 0.358594 0.075 0.0765625 0.715295 
690 0 0.441406 0.38125 0.0765625 0.065625 0.711375 
690 0 0.641406 0.553125 0.120312 0.090625 0.671611 
690 0 0.524219 0.371875 0.0890625 0.075 0.618516 
690 0 0.352344 0.511719 0.104687 0.0890625 0.541872 
690 0 0.623438 0.496875 0.109375 0.084375 0.539257 
