697 0 0.744531 0.540625 0.104687 0.109375 0.846587 
697 0 0.592969 0.410156 0.0953125 0.0703125 0.821076 
697 0 0.290625 0.307031 0.08125 0.0640625 0.794157 
697 0 0.053125 0.361719 0.08125 0.0671875 0.713026 
697 0 0.171094 0.399219 0.0890625 0.0734375 0.706014 
697 0 0.105469 0.415625 0.0859375 0.071875 0.661663 
697 0 0.152344 0.291406 0.0734375 0.0609375 0.658892 
697 0 0.535937 0.361719 0.078125 0.0609375 0.655573 
697 0 0.221094 0.3875 0.0828125 0.071875 0.62923 
697 0 0.0523437 0.432813 0.0796875 0.071875 0.544771 
697 0 0.03125 0.447656 0.0625 0.0765625 0.501565 
