7 0 0.286719 0.432031 0.0921875 0.0765625 0.844163 
7 0 0.3625 0.484375 0.096875 0.08125 0.829759 
7 0 0.867969 0.354688 0.0640625 0.065625 0.827891 
7 0 0.151562 0.466406 0.0875 0.0734375 0.819026 
7 0 0.1875 0.382031 0.08125 0.0734375 0.81063 
7 0 0.407031 0.575781 0.117188 0.0984375 0.802824 
7 0 0.03125 0.464063 0.0625 0.084375 0.770219 
7 0 0.622656 0.5375 0.126563 0.103125 0.687858 
7 0 0.0632813 0.615625 0.114063 0.09375 0.673199 
7 0 0.821875 0.34375 0.0625 0.0625 0.625506 
7 0 0.147656 0.625 0.135937 0.10625 0.541738 
7 0 0.0210938 0.35625 0.0421875 0.071875 0.437844 
