708 0 0.663281 0.446094 0.0984375 0.0859375 0.861908 
708 0 0.11875 0.390625 0.084375 0.075 0.829765 
708 0 0.774219 0.357031 0.0703125 0.0671875 0.799812 
708 0 0.671875 0.358594 0.075 0.0640625 0.777506 
708 0 0.419531 0.542188 0.114063 0.09375 0.745069 
708 0 0.040625 0.425 0.08125 0.090625 0.705488 
708 0 0.071875 0.664844 0.134375 0.0984375 0.681032 
708 0 0.740625 0.30625 0.075 0.053125 0.674873 
708 0 0.195312 0.261719 0.0625 0.0546875 0.551222 
708 0 0.807031 0.321875 0.0640625 0.05625 0.521657 
