714 0 0.389062 0.515625 0.10625 0.0875 0.838233 
714 0 0.390625 0.366406 0.084375 0.0671875 0.829657 
714 0 0.702344 0.435937 0.0953125 0.071875 0.813684 
714 0 0.1875 0.379687 0.084375 0.078125 0.811972 
714 0 0.752344 0.407813 0.0953125 0.071875 0.753589 
714 0 0.866406 0.355469 0.0703125 0.0609375 0.748915 
714 0 0.134375 0.30625 0.071875 0.059375 0.734139 
714 0 0.703125 0.649219 0.134375 0.110937 0.719352 
714 0 0.0460938 0.636719 0.0921875 0.110937 0.674935 
714 0 0.0351562 0.259375 0.0640625 0.0625 0.669396 
714 0 0.560938 0.345313 0.096875 0.075 0.654207 
714 0 0.332031 0.335938 0.0765625 0.065625 0.615707 
714 0 0.194531 0.253125 0.0640625 0.053125 0.595802 
