718 0 0.645312 0.523438 0.1125 0.090625 0.832365 
718 0 0.299219 0.492969 0.114063 0.0984375 0.810925 
718 0 0.374219 0.33125 0.0703125 0.0625 0.800314 
718 0 0.817969 0.3375 0.0671875 0.071875 0.78953 
718 0 0.726562 0.420312 0.1 0.08125 0.785748 
718 0 0.814062 0.45625 0.11875 0.0875 0.782763 
718 0 0.1375 0.338281 0.08125 0.0765625 0.779254 
718 0 0.219531 0.389062 0.0828125 0.071875 0.749215 
718 0 0.2125 0.658594 0.1375 0.107813 0.741392 
718 0 0.0554687 0.616406 0.110937 0.117188 0.615724 
718 0 0.880469 0.346875 0.0671875 0.0625 0.614671 
718 0 0.0328125 0.245312 0.065625 0.059375 0.542334 
718 0 0.115625 0.645312 0.1 0.084375 0.496135 
