719 0 0.126563 0.425 0.0875 0.078125 0.864761 
719 0 0.739844 0.407031 0.0828125 0.0703125 0.824229 
719 0 0.0460938 0.366406 0.0828125 0.0703125 0.805742 
719 0 0.871094 0.558594 0.120312 0.117188 0.787461 
719 0 0.361719 0.484375 0.107813 0.0875 0.784687 
719 0 0.236719 0.422656 0.0953125 0.0734375 0.716777 
719 0 0.034375 0.428906 0.06875 0.0765625 0.712263 
719 0 0.748438 0.661719 0.125 0.104687 0.638644 
719 0 0.292969 0.530469 0.107813 0.0984375 0.594666 
719 0 0.285156 0.489062 0.101562 0.084375 0.496924 
