720 0 0.334375 0.5 0.134375 0.1125 0.870538 
720 0 0.279687 0.382031 0.0875 0.0734375 0.853629 
720 0 0.125781 0.417969 0.0921875 0.0890625 0.82664 
720 0 0.182031 0.375781 0.0828125 0.0828125 0.807441 
720 0 0.857031 0.35625 0.0671875 0.071875 0.803575 
720 0 0.0703125 0.60625 0.140625 0.1375 0.78762 
720 0 0.759375 0.338281 0.065625 0.0640625 0.786085 
720 0 0.238281 0.652344 0.129688 0.101562 0.781881 
720 0 0.370313 0.3625 0.084375 0.075 0.769459 
720 0 0.523438 0.48125 0.103125 0.096875 0.75551 
720 0 0.850781 0.3125 0.0609375 0.059375 0.565368 
720 0 0.602344 0.308594 0.0796875 0.0578125 0.415034 
