725 0 0.350781 0.344531 0.0859375 0.0640625 0.817714 
725 0 0.417188 0.535156 0.1 0.0859375 0.792257 
725 0 0.253906 0.375 0.0890625 0.078125 0.788433 
725 0 0.869531 0.352344 0.0640625 0.0640625 0.771116 
725 0 0.034375 0.428906 0.06875 0.0828125 0.744961 
725 0 0.760156 0.321875 0.0796875 0.0875 0.686255 
725 0 0.517187 0.517969 0.1 0.0890625 0.665288 
725 0 0.883594 0.465625 0.110937 0.084375 0.603023 
725 0 0.157031 0.298438 0.0890625 0.096875 0.594593 
725 0 0.0429688 0.239063 0.0671875 0.05625 0.565393 
725 0 0.83125 0.315625 0.059375 0.059375 0.560703 
725 0 0.207031 0.678125 0.132812 0.1 0.529609 
725 0 0.133594 0.642969 0.120312 0.0921875 0.471034 
