731 0 0.74375 0.342969 0.06875 0.0671875 0.871448 
731 0 0.642969 0.385938 0.0953125 0.06875 0.842847 
731 0 0.204688 0.448438 0.090625 0.071875 0.838055 
731 0 0.103906 0.626562 0.179688 0.153125 0.814959 
731 0 0.182031 0.379687 0.0828125 0.078125 0.81095 
731 0 0.8625 0.352344 0.065625 0.0703125 0.801358 
731 0 0.417188 0.341406 0.08125 0.0703125 0.790183 
731 0 0.128906 0.324219 0.0984375 0.0859375 0.74251 
731 0 0.2375 0.366406 0.075 0.0734375 0.684485 
731 0 0.853125 0.590625 0.128125 0.10625 0.665927 
731 0 0.0226563 0.303906 0.0453125 0.0703125 0.496796 
731 0 0.592969 0.580469 0.129688 0.104687 0.417558 
