744 0 0.14375 0.427344 0.09375 0.0765625 0.8589 
744 0 0.216406 0.3875 0.0859375 0.075 0.80345 
744 0 0.85 0.350781 0.075 0.0828125 0.795658 
744 0 0.380469 0.325781 0.101562 0.0796875 0.784865 
744 0 0.228125 0.664062 0.121875 0.090625 0.743816 
744 0 0.611719 0.39375 0.114063 0.0875 0.724237 
744 0 0.142969 0.635156 0.123438 0.0984375 0.717148 
744 0 0.494531 0.475 0.110937 0.103125 0.697756 
744 0 0.0617188 0.616406 0.107813 0.0921875 0.663973 
744 0 0.0648438 0.242969 0.0765625 0.0671875 0.566214 
744 0 0.630469 0.582812 0.117188 0.1 0.484279 
