750 0 0.8625 0.35625 0.06875 0.06875 0.820531 
750 0 0.4375 0.519531 0.140625 0.123438 0.795875 
750 0 0.253125 0.373437 0.078125 0.071875 0.794616 
750 0 0.104687 0.360938 0.078125 0.06875 0.794057 
750 0 0.195312 0.382031 0.08125 0.0734375 0.728989 
750 0 0.0242187 0.416406 0.0484375 0.0796875 0.728654 
750 0 0.0320312 0.313281 0.0640625 0.0640625 0.706764 
750 0 0.209375 0.475781 0.0875 0.0796875 0.645462 
750 1 0.128906 0.61875 0.248437 0.271875 0.633744 
750 0 0.245312 0.452344 0.09375 0.0828125 0.61494 
750 0 0.830469 0.599219 0.126563 0.0984375 0.578891 
750 0 0.283594 0.533594 0.114063 0.0921875 0.573419 
750 0 0.365625 0.646875 0.1625 0.1375 0.520754 
750 0 0.0210938 0.245312 0.0390625 0.05625 0.472148 
