751 0 0.128125 0.483594 0.10625 0.101562 0.844642 
751 0 0.369531 0.475 0.120312 0.115625 0.824693 
751 0 0.0296875 0.425 0.059375 0.08125 0.78847 
751 0 0.853906 0.357812 0.0703125 0.065625 0.764186 
751 0 0.801562 0.345313 0.065625 0.06875 0.745594 
751 0 0.157813 0.284375 0.075 0.059375 0.714638 
751 0 0.483594 0.586719 0.117188 0.107813 0.592687 
751 0 0.149219 0.422656 0.0921875 0.0796875 0.554166 
751 0 0.520312 0.299219 0.078125 0.0609375 0.459723 
751 0 0.221875 0.261719 0.05625 0.0546875 0.42223 
