752 0 0.0578125 0.614062 0.1125 0.115625 0.830821 
752 0 0.278906 0.342187 0.0984375 0.078125 0.811621 
752 0 0.771875 0.448438 0.121875 0.090625 0.802115 
752 0 0.378906 0.352344 0.0796875 0.0640625 0.766703 
752 0 0.0398437 0.420312 0.0796875 0.09375 0.756124 
752 0 0.458594 0.340625 0.0984375 0.08125 0.725728 
752 0 0.741406 0.4 0.0953125 0.071875 0.692501 
752 0 0.151562 0.297656 0.071875 0.0578125 0.680814 
752 0 0.527344 0.399219 0.0984375 0.0734375 0.614414 
752 0 0.340625 0.298438 0.0875 0.075 0.552472 
