757 0 0.742969 0.342969 0.0703125 0.0671875 0.880793 
757 0 0.102344 0.385156 0.0828125 0.0765625 0.85492 
757 0 0.238281 0.452344 0.0953125 0.0796875 0.852294 
757 0 0.395312 0.453125 0.109375 0.096875 0.835952 
757 0 0.103906 0.625781 0.179688 0.151562 0.816098 
757 0 0.8625 0.353125 0.065625 0.06875 0.813415 
757 0 0.801562 0.439063 0.096875 0.075 0.806484 
757 0 0.734375 0.603125 0.1375 0.11875 0.804766 
757 0 0.233594 0.367969 0.0828125 0.0734375 0.790694 
757 0 0.366406 0.314063 0.0796875 0.06875 0.779441 
757 0 0.30625 0.33125 0.075 0.065625 0.765341 
757 0 0.519531 0.513281 0.101562 0.0953125 0.705999 
757 0 0.553125 0.402344 0.096875 0.0734375 0.693679 
757 0 0.148438 0.370313 0.078125 0.071875 0.639226 
757 0 0.927344 0.620313 0.126563 0.1 0.571982 
757 0 0.0265625 0.265625 0.053125 0.0625 0.559354 
757 0 0.157031 0.282031 0.0703125 0.0578125 0.55717 
