768 0 0.127344 0.390625 0.0859375 0.071875 0.83313 
768 0 0.222656 0.357812 0.0859375 0.084375 0.821379 
768 0 0.653125 0.451562 0.084375 0.078125 0.816733 
768 0 0.172656 0.490625 0.104687 0.090625 0.807588 
768 0 0.749219 0.457031 0.0859375 0.0828125 0.777702 
768 0 0.0398437 0.425781 0.0796875 0.0734375 0.744505 
768 0 0.0359375 0.35 0.071875 0.075 0.737878 
768 0 0.0382813 0.574219 0.0765625 0.0890625 0.645858 
768 0 0.546094 0.385938 0.0890625 0.065625 0.625308 
768 0 0.483594 0.296875 0.0796875 0.05625 0.597972 
768 0 0.507812 0.541406 0.1125 0.0921875 0.573885 
