769 0 0.814062 0.528906 0.109375 0.114063 0.851694 
769 0 0.753125 0.335156 0.06875 0.0640625 0.829251 
769 0 0.839844 0.338281 0.0640625 0.0640625 0.797594 
769 0 0.234375 0.302344 0.078125 0.0734375 0.797114 
769 0 0.397656 0.457812 0.0703125 0.09375 0.735742 
769 0 0.744531 0.423438 0.0640625 0.0875 0.721319 
769 0 0.224219 0.667188 0.126563 0.096875 0.657458 
769 0 0.0273438 0.255469 0.0546875 0.0671875 0.53335 
769 0 0.133594 0.603906 0.101562 0.0953125 0.42028 
769 0 0.9 0.317969 0.05625 0.0609375 0.411067 
