774 0 0.710156 0.534375 0.114063 0.10625 0.851456 
774 0 0.059375 0.426562 0.096875 0.096875 0.829111 
774 0 0.767969 0.323438 0.0796875 0.0875 0.806311 
774 0 0.692969 0.423438 0.101562 0.071875 0.748971 
774 0 0.58125 0.542188 0.109375 0.090625 0.733834 
774 0 0.867188 0.3875 0.075 0.065625 0.68847 
774 1 0.11875 0.59375 0.221875 0.20625 0.664793 
774 0 0.259375 0.658594 0.125 0.101562 0.659528 
774 0 0.234375 0.505469 0.109375 0.0953125 0.597573 
774 0 0.871094 0.344531 0.0671875 0.0640625 0.435365 
