779 0 0.660937 0.428125 0.1 0.071875 0.853198 
779 0 0.815625 0.405469 0.09375 0.0703125 0.850577 
779 0 0.714063 0.598437 0.13125 0.121875 0.829979 
779 0 0.178906 0.378125 0.0859375 0.078125 0.783196 
779 0 0.103906 0.278125 0.0765625 0.065625 0.735218 
779 0 0.220313 0.649219 0.15625 0.114063 0.732008 
779 0 0.754687 0.332031 0.065625 0.0609375 0.706355 
779 0 0.059375 0.624219 0.115625 0.0953125 0.688695 
779 0 0.866406 0.35 0.0671875 0.065625 0.643179 
779 0 0.809375 0.339063 0.0625 0.059375 0.641466 
779 0 0.91875 0.575781 0.121875 0.0953125 0.453249 
779 0 0.0296875 0.235938 0.059375 0.059375 0.414134 
