784 0 0.167187 0.376563 0.08125 0.071875 0.82558 
784 0 0.757031 0.479688 0.0578125 0.090625 0.8078 
784 0 0.303906 0.507812 0.0953125 0.090625 0.792216 
784 0 0.236719 0.371094 0.0765625 0.0703125 0.790015 
784 0 0.880469 0.346875 0.0640625 0.065625 0.779652 
784 0 0.402344 0.377344 0.0609375 0.0703125 0.749496 
784 0 0.814844 0.341406 0.0609375 0.0578125 0.726949 
784 0 0.204688 0.296875 0.06875 0.0625 0.671497 
784 0 0.779688 0.3875 0.059375 0.065625 0.650474 
784 0 0.347656 0.642187 0.164062 0.1375 0.647427 
784 0 0.0375 0.427344 0.075 0.0859375 0.638748 
784 0 0.764844 0.320312 0.0796875 0.084375 0.578247 
784 0 0.261719 0.336719 0.0734375 0.0671875 0.519515 
784 0 0.201562 0.667188 0.13125 0.10625 0.466451 
784 0 0.117969 0.646875 0.117188 0.090625 0.453801 
