788 0 0.0398437 0.430469 0.0796875 0.0796875 0.791046 
788 0 0.0710938 0.653125 0.142188 0.1375 0.778396 
788 0 0.0648438 0.321875 0.0765625 0.06875 0.777354 
788 0 0.842969 0.564062 0.120312 0.109375 0.772969 
788 0 0.715625 0.451562 0.05625 0.09375 0.761302 
788 0 0.36875 0.365625 0.06875 0.071875 0.748325 
788 0 0.179688 0.303906 0.06875 0.0609375 0.719714 
788 0 0.780469 0.378125 0.0640625 0.075 0.663973 
788 0 0.753125 0.328906 0.078125 0.0765625 0.602713 
788 0 0.8375 0.300781 0.078125 0.0796875 0.5764 
788 0 0.8125 0.342187 0.065625 0.0625 0.5414 
