792 0 0.233594 0.3625 0.0921875 0.0875 0.795615 
792 0 0.059375 0.619531 0.11875 0.0984375 0.763493 
792 0 0.572656 0.408594 0.0984375 0.0765625 0.756713 
792 0 0.852344 0.357031 0.0640625 0.0609375 0.750098 
792 0 0.158594 0.634375 0.123438 0.096875 0.747614 
792 0 0.75625 0.328906 0.06875 0.0703125 0.745312 
792 0 0.046875 0.275 0.06875 0.0625 0.73016 
792 0 0.251563 0.298438 0.078125 0.059375 0.702479 
792 0 0.480469 0.367969 0.0921875 0.0734375 0.59318 
792 0 0.884375 0.459375 0.096875 0.084375 0.503681 
792 0 0.814062 0.342187 0.0625 0.059375 0.485192 
792 1 0.875781 0.263281 0.135937 0.129688 0.448958 
