797 0 0.396094 0.414844 0.132812 0.148438 0.819088 
797 0 0.160938 0.452344 0.140625 0.135937 0.756656 
797 0 0.413281 0.204688 0.0546875 0.04375 0.747918 
797 0 0.538281 0.396875 0.107813 0.14375 0.744974 
797 0 0.801562 0.221094 0.084375 0.0578125 0.701288 
797 0 0.250781 0.745313 0.320312 0.4875 0.579784 
797 0 0.9 0.252344 0.0625 0.0546875 0.497598 
797 0 0.202344 0.364062 0.117188 0.090625 0.467296 
797 0 0.31875 0.386719 0.13125 0.132812 0.464176 
797 0 0.315625 0.220313 0.040625 0.0375 0.406365 
