806 0 0.0640625 0.622656 0.11875 0.0953125 0.838357 
806 0 0.06875 0.460156 0.128125 0.110937 0.815302 
806 0 0.135937 0.303125 0.08125 0.071875 0.8125 
806 0 0.221875 0.417969 0.090625 0.0765625 0.799041 
806 0 0.866406 0.355469 0.0640625 0.0640625 0.795549 
806 0 0.034375 0.360156 0.06875 0.0734375 0.774144 
806 0 0.253125 0.300781 0.075 0.0671875 0.748224 
806 0 0.523438 0.3875 0.103125 0.084375 0.538802 
806 0 0.882812 0.450781 0.09375 0.0828125 0.494663 
806 0 0.145313 0.445312 0.090625 0.0875 0.415547 
806 0 0.476562 0.354688 0.075 0.059375 0.411769 
806 0 0.139062 0.420312 0.0875 0.06875 0.410848 
