807 0 0.146875 0.401563 0.084375 0.071875 0.777274 
807 0 0.879687 0.346094 0.071875 0.0734375 0.777202 
807 0 0.0609375 0.399219 0.0875 0.0828125 0.724064 
807 0 0.288281 0.276563 0.0703125 0.053125 0.701917 
807 0 0.248437 0.372656 0.078125 0.0734375 0.7006 
807 0 0.142969 0.307813 0.0703125 0.059375 0.562005 
807 0 0.896875 0.526563 0.10625 0.08125 0.556453 
807 0 0.0640625 0.320312 0.071875 0.0625 0.537852 
807 0 0.0351562 0.35625 0.0703125 0.065625 0.526161 
807 0 0.194531 0.678125 0.129688 0.096875 0.464542 
807 0 0.084375 0.654688 0.11875 0.0875 0.410515 
