810 0 0.364062 0.332031 0.075 0.0671875 0.783416 
810 0 0.734375 0.399219 0.0625 0.0640625 0.775359 
810 0 0.742969 0.479688 0.0609375 0.084375 0.766088 
810 0 0.802344 0.346875 0.0671875 0.0625 0.762677 
810 0 0.144531 0.624219 0.129688 0.104687 0.756431 
810 0 0.408594 0.405469 0.0515625 0.0796875 0.74022 
810 0 0.378906 0.28125 0.0765625 0.05625 0.675646 
810 0 0.882812 0.319531 0.053125 0.0609375 0.674415 
810 0 0.307031 0.507031 0.0796875 0.0703125 0.60649 
810 0 0.7625 0.335156 0.059375 0.0546875 0.599647 
810 0 0.217187 0.670313 0.134375 0.09375 0.574979 
810 0 0.015625 0.446875 0.028125 0.09375 0.513819 
