816 0 0.242188 0.36875 0.08125 0.078125 0.842164 
816 0 0.417969 0.374219 0.0859375 0.0671875 0.809592 
816 0 0.753906 0.33125 0.0640625 0.065625 0.785434 
816 0 0.860937 0.352344 0.06875 0.0671875 0.778596 
816 0 0.153125 0.635156 0.128125 0.0984375 0.731857 
816 0 0.0609375 0.608594 0.11875 0.0984375 0.731235 
816 0 0.394531 0.285937 0.0765625 0.05625 0.726116 
816 0 0.2125 0.299219 0.075 0.0609375 0.714952 
816 0 0.467187 0.346875 0.08125 0.06875 0.520952 
816 0 0.817187 0.319531 0.059375 0.0546875 0.456404 
