818 0 0.782812 0.417188 0.1 0.06875 0.85025 
818 0 0.6 0.394531 0.09375 0.0734375 0.847081 
818 0 0.869531 0.351562 0.0640625 0.0625 0.819177 
818 0 0.408594 0.496094 0.0953125 0.0796875 0.8142 
818 0 0.376563 0.366406 0.084375 0.0703125 0.80623 
818 0 0.751562 0.536719 0.11875 0.0984375 0.802518 
818 0 0.0539063 0.436719 0.0953125 0.0828125 0.798937 
818 0 0.253906 0.378125 0.0859375 0.06875 0.782387 
818 0 0.127344 0.288281 0.0765625 0.0703125 0.759589 
818 0 0.760156 0.321875 0.0796875 0.084375 0.695281 
818 0 0.246875 0.514844 0.1125 0.104687 0.613625 
818 0 0.830469 0.315625 0.0578125 0.059375 0.597606 
818 0 0.878125 0.597656 0.121875 0.110937 0.590126 
818 0 0.595312 0.565625 0.13125 0.1 0.582298 
818 0 0.45 0.332031 0.071875 0.0546875 0.569222 
818 1 0.249219 0.275781 0.129688 0.114063 0.562007 
818 0 0.29375 0.332031 0.078125 0.0578125 0.557478 
818 0 0.694531 0.651563 0.123438 0.115625 0.552211 
818 0 0.20625 0.678125 0.13125 0.096875 0.522566 
818 0 0.0914062 0.408594 0.0921875 0.0859375 0.521316 
818 0 0.132031 0.642969 0.120312 0.0921875 0.506844 
818 0 0.383594 0.453125 0.0921875 0.075 0.45922 
818 0 0.896094 0.476562 0.0953125 0.071875 0.424172 
