838 0 0.696875 0.383594 0.0875 0.0671875 0.833267 
838 0 0.250781 0.371875 0.0828125 0.08125 0.82759 
838 0 0.363281 0.366406 0.0796875 0.0640625 0.777075 
838 0 0.0429688 0.427344 0.0796875 0.0796875 0.773271 
838 0 0.826563 0.335156 0.065625 0.0765625 0.77257 
838 0 0.409375 0.334375 0.09375 0.078125 0.741909 
838 0 0.582031 0.389062 0.0921875 0.075 0.719137 
838 0 0.188281 0.321875 0.0734375 0.0625 0.688283 
838 0 0.0882813 0.409375 0.0890625 0.078125 0.643772 
838 0 0.874219 0.451562 0.0984375 0.078125 0.620878 
838 0 0.015625 0.347656 0.028125 0.0765625 0.566617 
838 0 0.0960938 0.375 0.0859375 0.065625 0.437006 
