84 0 0.384375 0.664062 0.08125 0.103125 0.796927 
84 0 0.489844 0.657031 0.0953125 0.101562 0.779077 
84 0 0.959375 0.629687 0.08125 0.0875 0.763643 
84 0 0.696094 0.607813 0.0765625 0.071875 0.722912 
84 0 0.0453125 0.616406 0.090625 0.0765625 0.717064 
84 0 0.4125 0.594531 0.05 0.0609375 0.677633 
84 0 0.765625 0.603125 0.065625 0.06875 0.568115 
84 0 0.642187 0.590625 0.053125 0.05625 0.523179 
84 0 0.553906 0.635156 0.0765625 0.101562 0.515023 
84 0 0.299219 0.604688 0.0515625 0.0625 0.501858 
84 0 0.854688 0.557813 0.059375 0.05 0.468789 
