844 0 0.144531 0.3125 0.0765625 0.0625 0.8146 
844 0 0.0453125 0.428906 0.084375 0.0796875 0.800401 
844 0 0.398438 0.505469 0.121875 0.104687 0.787949 
844 0 0.701563 0.482812 0.11875 0.078125 0.785288 
844 0 0.2875 0.480469 0.121875 0.104687 0.781405 
844 0 0.64375 0.426562 0.1 0.06875 0.758086 
844 0 0.865625 0.426562 0.103125 0.078125 0.737454 
844 0 0.141406 0.386719 0.0890625 0.0859375 0.723675 
844 0 0.0875 0.408594 0.078125 0.0734375 0.635885 
844 0 0.571094 0.350781 0.0828125 0.0671875 0.631216 
844 0 0.0476562 0.365625 0.0796875 0.06875 0.62723 
844 0 0.696875 0.404687 0.09375 0.084375 0.603615 
