845 0 0.674219 0.521875 0.114063 0.090625 0.857025 
845 0 0.342969 0.469531 0.101562 0.0921875 0.834766 
845 0 0.0515625 0.632812 0.103125 0.1 0.823615 
845 0 0.408594 0.571875 0.110937 0.090625 0.792921 
845 0 0.09375 0.44375 0.096875 0.090625 0.78071 
845 0 0.6 0.375781 0.0875 0.0703125 0.780207 
845 0 0.25625 0.417969 0.1 0.0828125 0.779531 
845 0 0.870313 0.355469 0.065625 0.0640625 0.767794 
845 0 0.0375 0.358594 0.071875 0.0765625 0.76626 
845 0 0.163281 0.280469 0.0734375 0.0671875 0.568944 
845 0 0.15 0.427344 0.078125 0.0796875 0.5351 
