846 0 0.132812 0.630469 0.15 0.110937 0.834092 
846 0 0.691406 0.378125 0.0890625 0.071875 0.808517 
846 0 0.16875 0.321094 0.078125 0.0578125 0.771533 
846 0 0.773438 0.4375 0.11875 0.103125 0.745066 
846 0 0.0867188 0.408594 0.0890625 0.0828125 0.744765 
846 0 0.034375 0.427344 0.06875 0.0828125 0.727755 
846 0 0.465625 0.335156 0.075 0.0578125 0.70952 
846 0 0.864062 0.303125 0.0625 0.065625 0.678104 
846 1 0.220313 0.269531 0.14375 0.126563 0.60111 
846 0 0.517187 0.390625 0.090625 0.08125 0.533468 
846 0 0.870313 0.43125 0.078125 0.06875 0.519925 
846 0 0.491406 0.29375 0.0671875 0.05625 0.468352 
846 0 0.0234375 0.369531 0.04375 0.0796875 0.435525 
