860 0 0.744531 0.448438 0.0953125 0.071875 0.835578 
860 0 0.246094 0.372656 0.0796875 0.0765625 0.828251 
860 0 0.0625 0.623438 0.121875 0.096875 0.827861 
860 0 0.85625 0.423438 0.115625 0.0875 0.811805 
860 0 0.353906 0.325 0.0765625 0.0625 0.804484 
860 0 0.822656 0.338281 0.0734375 0.0734375 0.798515 
860 0 0.66875 0.405469 0.10625 0.0765625 0.773566 
860 0 0.20625 0.310156 0.075 0.0609375 0.747653 
860 0 0.467969 0.385156 0.0828125 0.0671875 0.744694 
860 0 0.754687 0.328906 0.06875 0.0765625 0.727421 
860 0 0.0765625 0.43125 0.1 0.090625 0.723158 
860 0 0.0226563 0.442187 0.0453125 0.096875 0.635448 
860 0 0.642969 0.3625 0.0859375 0.0625 0.60827 
860 0 0.16875 0.398438 0.084375 0.075 0.572749 
860 0 0.194531 0.250781 0.0703125 0.0609375 0.516721 
860 0 0.863281 0.288281 0.0796875 0.0890625 0.506761 
860 0 0.126563 0.421094 0.078125 0.0765625 0.505291 
860 0 0.021875 0.257031 0.04375 0.0609375 0.442708 
