862 0 0.0429688 0.401563 0.0796875 0.065625 0.848099 
862 0 0.646875 0.520312 0.109375 0.090625 0.846907 
862 0 0.324219 0.471094 0.0921875 0.0859375 0.820205 
862 0 0.20625 0.417969 0.0875 0.0734375 0.813188 
862 0 0.414844 0.53125 0.114063 0.09375 0.79422 
862 0 0.144531 0.649219 0.120312 0.0859375 0.744224 
862 0 0.090625 0.476562 0.09375 0.071875 0.718382 
862 0 0.882031 0.345313 0.0671875 0.071875 0.669497 
862 0 0.584375 0.375 0.078125 0.0625 0.648948 
862 1 0.0742188 0.592969 0.148438 0.170312 0.619206 
862 0 0.810938 0.589844 0.121875 0.0953125 0.601438 
862 0 0.905469 0.572656 0.120312 0.104687 0.572337 
862 0 0.188281 0.364844 0.0828125 0.0765625 0.437171 
