869 0 0.767969 0.4125 0.0953125 0.071875 0.845636 
869 0 0.846875 0.357031 0.06875 0.0640625 0.819871 
869 0 0.202344 0.385156 0.0828125 0.0765625 0.818137 
869 0 0.867969 0.45 0.0984375 0.078125 0.769712 
869 0 0.248437 0.31875 0.08125 0.059375 0.642029 
869 0 0.169531 0.64375 0.182812 0.15 0.620196 
869 0 0.0257812 0.625781 0.0515625 0.114063 0.602767 
869 0 0.56875 0.358594 0.090625 0.0671875 0.597448 
869 0 0.0359375 0.283594 0.0625 0.0578125 0.559899 
869 0 0.248437 0.36875 0.078125 0.075 0.551293 
869 0 0.796094 0.335156 0.0640625 0.0640625 0.512072 
