876 0 0.210156 0.471094 0.114063 0.0984375 0.824116 
876 0 0.0726563 0.472656 0.101562 0.0859375 0.811907 
876 0 0.0710938 0.616406 0.135937 0.114063 0.80478 
876 0 0.704687 0.423438 0.11875 0.1 0.793955 
876 0 0.0929687 0.296094 0.0734375 0.0640625 0.787203 
876 0 0.277344 0.294531 0.0765625 0.0640625 0.778912 
876 0 0.634375 0.396875 0.090625 0.075 0.739569 
876 0 0.478125 0.348437 0.084375 0.06875 0.717124 
876 0 0.189844 0.290625 0.0703125 0.059375 0.669193 
876 0 0.0289063 0.417969 0.0578125 0.0828125 0.654705 
876 0 0.05 0.366406 0.084375 0.0703125 0.597838 
876 0 0.591406 0.352344 0.0765625 0.0703125 0.517754 
