884 0 0.107031 0.352344 0.104687 0.0921875 0.839759 
884 0 0.33125 0.4125 0.0875 0.078125 0.838736 
884 0 0.29375 0.492969 0.115625 0.101562 0.829482 
884 0 0.69375 0.557813 0.1375 0.1125 0.771089 
884 0 0.592969 0.434375 0.101562 0.078125 0.743261 
884 0 0.842969 0.425781 0.0921875 0.0734375 0.743178 
884 0 0.394531 0.401563 0.0921875 0.078125 0.734188 
884 0 0.199219 0.360938 0.0859375 0.071875 0.627594 
884 0 0.208594 0.664844 0.139062 0.110937 0.569699 
884 0 0.630469 0.411719 0.0859375 0.0671875 0.527362 
884 0 0.851562 0.351562 0.06875 0.05625 0.49033 
884 0 0.810156 0.345313 0.0609375 0.059375 0.489155 
884 0 0.757812 0.539062 0.096875 0.0875 0.430736 
