889 0 0.671875 0.551562 0.115625 0.1125 0.8321 
889 0 0.0515625 0.617969 0.103125 0.117188 0.82583 
889 0 0.628125 0.36875 0.0875 0.065625 0.772778 
889 1 0.274219 0.433594 0.370313 0.257812 0.743773 
889 0 0.144531 0.289844 0.0640625 0.0609375 0.633449 
889 0 0.832031 0.442969 0.101562 0.0765625 0.614595 
889 0 0.442969 0.34375 0.0828125 0.0625 0.601064 
889 0 0.541406 0.30625 0.0796875 0.059375 0.592808 
889 0 0.0414063 0.284375 0.0640625 0.059375 0.537957 
889 0 0.832031 0.414844 0.117188 0.0984375 0.461612 
