890 0 0.350781 0.672656 0.220313 0.310937 0.871694 
890 0 0.214844 0.500781 0.173438 0.198437 0.83949 
890 0 0.276563 0.366406 0.121875 0.104687 0.734121 
890 1 0.575 0.18125 0.10625 0.13125 0.701137 
890 0 0.0671875 0.442969 0.11875 0.139062 0.65221 
890 0 0.9625 0.316406 0.06875 0.0671875 0.639961 
890 0 0.744531 0.241406 0.0640625 0.0609375 0.604659 
890 0 0.30625 0.226562 0.05 0.04375 0.497471 
890 0 0.903906 0.26875 0.0796875 0.065625 0.472755 
890 0 0.835938 0.228906 0.05625 0.0484375 0.469991 
