891 0 0.814062 0.53125 0.109375 0.103125 0.814905 
891 0 0.371094 0.464063 0.0984375 0.0875 0.807777 
891 0 0.145313 0.394531 0.084375 0.0765625 0.80717 
891 0 0.796875 0.326562 0.065625 0.059375 0.792904 
891 0 0.244531 0.652344 0.132812 0.0953125 0.763353 
891 0 0.733594 0.364844 0.0734375 0.0640625 0.74522 
891 0 0.567187 0.408594 0.08125 0.0734375 0.738665 
891 0 0.284375 0.455469 0.08125 0.0765625 0.731023 
891 0 0.0328125 0.414062 0.065625 0.0875 0.723438 
891 0 0.03125 0.541406 0.0625 0.0796875 0.698374 
891 0 0.203906 0.521094 0.104687 0.0859375 0.642251 
891 0 0.0773437 0.616406 0.148438 0.123438 0.569507 
