898 0 0.0632813 0.615625 0.123438 0.103125 0.856824 
898 0 0.746875 0.445312 0.109375 0.078125 0.773654 
898 0 0.799219 0.342187 0.0765625 0.071875 0.745281 
898 0 0.0601562 0.435156 0.0890625 0.0796875 0.740735 
898 0 0.797656 0.405469 0.0890625 0.0703125 0.615867 
898 0 0.26875 0.274219 0.071875 0.0546875 0.575693 
898 0 0.134375 0.379687 0.084375 0.084375 0.53883 
898 0 0.09375 0.404687 0.090625 0.084375 0.494996 
898 0 0.0351562 0.357812 0.0671875 0.06875 0.450994 
898 0 0.799219 0.374219 0.0890625 0.0890625 0.443563 
