899 0 0.861719 0.35625 0.0671875 0.06875 0.817085 
899 0 0.626562 0.514063 0.1125 0.090625 0.815162 
899 0 0.09375 0.445312 0.09375 0.078125 0.804156 
899 0 0.197656 0.375781 0.101562 0.0984375 0.801048 
899 0 0.292969 0.496875 0.101562 0.084375 0.79887 
899 0 0.366406 0.489062 0.0890625 0.075 0.772375 
899 0 0.166406 0.508594 0.0984375 0.0890625 0.765815 
899 0 0.75625 0.336719 0.071875 0.0640625 0.764983 
899 0 0.463281 0.585938 0.110937 0.096875 0.762804 
899 0 0.0640625 0.339844 0.090625 0.0828125 0.75747 
899 0 0.671875 0.597656 0.10625 0.101562 0.694505 
899 0 0.267188 0.376563 0.078125 0.075 0.654233 
899 0 0.352344 0.446094 0.0953125 0.0734375 0.570774 
899 0 0.147656 0.653125 0.210938 0.175 0.469117 
