904 0 0.214844 0.589063 0.148438 0.159375 0.84718 
904 0 0.433594 0.649219 0.176563 0.251563 0.798724 
904 0 0.598437 0.369531 0.071875 0.0546875 0.708389 
904 0 0.0625 0.876562 0.125 0.246875 0.602836 
904 0 0.314844 0.345313 0.0484375 0.04375 0.580015 
904 0 0.286719 0.829687 0.282813 0.290625 0.578982 
904 0 0.0460938 0.629687 0.0921875 0.134375 0.57807 
904 0 0.453906 0.322656 0.0296875 0.0453125 0.525442 
904 0 0.873438 0.425781 0.059375 0.0609375 0.490487 
904 0 0.199219 0.36875 0.0421875 0.0375 0.482189 
904 0 0.163281 0.364062 0.0421875 0.04375 0.45173 
