918 0 0.378125 0.460156 0.1 0.0828125 0.818795 
918 0 0.253906 0.367969 0.0890625 0.0796875 0.787794 
918 0 0.734375 0.428906 0.08125 0.0609375 0.77952 
918 0 0.407813 0.352344 0.078125 0.0640625 0.740945 
918 0 0.298438 0.305469 0.084375 0.0734375 0.736014 
918 0 0.0914062 0.410937 0.0859375 0.075 0.731367 
918 0 0.03125 0.353125 0.0625 0.078125 0.718558 
918 0 0.478906 0.382031 0.0859375 0.0765625 0.713184 
918 0 0.140625 0.384375 0.084375 0.078125 0.713097 
918 0 0.165625 0.314844 0.075 0.0609375 0.710281 
918 0 0.10625 0.657031 0.1375 0.0953125 0.571176 
918 0 0.114844 0.28125 0.0671875 0.059375 0.55953 
918 0 0.39375 0.3125 0.06875 0.059375 0.546336 
918 0 0.0320312 0.425 0.0609375 0.075 0.529186 
918 0 0.103906 0.602344 0.126563 0.0796875 0.495777 
918 0 0.727344 0.398438 0.0859375 0.0625 0.462183 
