923 0 0.0742188 0.604688 0.120312 0.1 0.818816 
923 0 0.670313 0.492969 0.09375 0.0765625 0.804185 
923 0 0.1875 0.5125 0.11875 0.10625 0.787505 
923 0 0.464063 0.561719 0.109375 0.101562 0.764267 
923 0 0.302344 0.586719 0.107813 0.0921875 0.724866 
923 0 0.6125 0.465625 0.09375 0.0875 0.694555 
923 0 0.090625 0.414062 0.084375 0.075 0.686952 
923 0 0.0304688 0.416406 0.0609375 0.101562 0.652391 
923 0 0.139062 0.397656 0.084375 0.0734375 0.52793 
923 0 0.0390625 0.366406 0.06875 0.0671875 0.429309 
