928 0 0.552344 0.490625 0.110937 0.103125 0.846437 
928 0 0.753906 0.335156 0.0671875 0.0671875 0.818006 
928 0 0.213281 0.386719 0.0859375 0.0734375 0.811297 
928 0 0.0867188 0.582812 0.170312 0.159375 0.808898 
928 0 0.367188 0.345313 0.090625 0.075 0.794671 
928 0 0.289844 0.534375 0.117188 0.096875 0.745193 
928 0 0.838281 0.3375 0.0609375 0.0625 0.71041 
928 0 0.130469 0.2875 0.0734375 0.0625 0.679318 
928 0 0.264062 0.371094 0.084375 0.0765625 0.642146 
928 0 0.889063 0.342969 0.0625 0.0703125 0.495567 
928 0 0.0257812 0.245312 0.0515625 0.0625 0.471612 
