938 0 0.78125 0.38125 0.06875 0.0625 0.833182 
938 0 0.0828125 0.407813 0.0875 0.078125 0.824943 
938 0 0.874219 0.35 0.0734375 0.065625 0.768552 
938 0 0.0179687 0.450781 0.0328125 0.0796875 0.758072 
938 0 0.699219 0.430469 0.0546875 0.0734375 0.749646 
938 0 0.739844 0.342187 0.0609375 0.059375 0.743972 
938 0 0.185937 0.576563 0.1125 0.09375 0.682947 
938 0 0.410156 0.407031 0.0453125 0.0828125 0.658422 
938 0 0.81875 0.311719 0.059375 0.0609375 0.481175 
938 0 0.01875 0.21875 0.0375 0.05 0.41101 
