944 0 0.35 0.521875 0.1125 0.096875 0.853368 
944 0 0.790625 0.453125 0.103125 0.078125 0.847378 
944 0 0.861719 0.350781 0.0703125 0.0734375 0.834613 
944 0 0.255469 0.376563 0.0734375 0.078125 0.828597 
944 0 0.158594 0.308594 0.0859375 0.0765625 0.763269 
944 0 0.763281 0.33125 0.0640625 0.06875 0.697765 
944 0 0.197656 0.644531 0.170312 0.139062 0.666843 
944 0 0.103125 0.598437 0.121875 0.090625 0.55723 
944 0 0.810938 0.344531 0.065625 0.0640625 0.531061 
944 0 0.0585938 0.670313 0.117188 0.103125 0.516885 
