946 0 0.774219 0.451562 0.0859375 0.08125 0.820175 
946 0 0.0945313 0.376563 0.0953125 0.08125 0.804825 
946 0 0.563281 0.523438 0.0984375 0.084375 0.7924 
946 0 0.696875 0.439844 0.078125 0.0703125 0.788249 
946 0 0.673437 0.35 0.078125 0.078125 0.784243 
946 0 0.274219 0.646094 0.123438 0.101562 0.78025 
946 0 0.388281 0.542969 0.142188 0.117188 0.722726 
946 0 0.0359375 0.428125 0.06875 0.078125 0.532159 
946 0 0.0179687 0.448438 0.0359375 0.0875 0.484799 
946 0 0.159375 0.254687 0.065625 0.059375 0.438537 
