947 0 0.0992187 0.376563 0.0828125 0.084375 0.856119 
947 0 0.321094 0.327344 0.0703125 0.0671875 0.814443 
947 0 0.778906 0.386719 0.0671875 0.0703125 0.805795 
947 0 0.398438 0.442969 0.06875 0.0765625 0.800588 
947 0 0.765625 0.330469 0.065625 0.0609375 0.778869 
947 0 0.698438 0.460938 0.059375 0.09375 0.757779 
947 0 0.0328125 0.417969 0.065625 0.0796875 0.737834 
947 0 0.0570313 0.627344 0.110937 0.107813 0.714347 
947 0 0.204688 0.654688 0.11875 0.1 0.619157 
947 0 0.122656 0.639844 0.101562 0.0890625 0.516192 
