948 0 0.139844 0.491406 0.104687 0.0859375 0.846869 
948 0 0.340625 0.509375 0.103125 0.0875 0.836257 
948 0 0.207813 0.409375 0.096875 0.078125 0.831496 
948 0 0.816406 0.554688 0.129688 0.09375 0.82772 
948 0 0.710938 0.417969 0.1 0.0703125 0.799638 
948 0 0.632031 0.546094 0.126563 0.0953125 0.798753 
948 0 0.040625 0.425781 0.08125 0.0796875 0.725588 
948 0 0.397656 0.4875 0.0984375 0.084375 0.656 
948 0 0.521875 0.589063 0.109375 0.0875 0.498661 
948 0 0.178906 0.36875 0.0703125 0.059375 0.461838 
