95 0 0.71875 0.433594 0.109375 0.0859375 0.846441 
95 0 0.260938 0.378906 0.084375 0.0703125 0.818974 
95 0 0.828125 0.523438 0.125 0.084375 0.81084 
95 0 0.575781 0.467969 0.117188 0.0796875 0.807964 
95 0 0.825 0.407031 0.0875 0.0703125 0.802532 
95 0 0.263281 0.489062 0.114063 0.084375 0.793393 
95 0 0.100781 0.416406 0.0828125 0.0734375 0.788847 
95 0 0.878906 0.344531 0.0671875 0.0734375 0.750622 
95 0 0.0414063 0.428906 0.0796875 0.0796875 0.706879 
95 0 0.459375 0.352344 0.078125 0.0640625 0.699676 
95 0 0.210156 0.294531 0.0703125 0.0578125 0.694735 
95 0 0.0851562 0.296875 0.0671875 0.05625 0.676787 
95 0 0.346094 0.339063 0.0734375 0.065625 0.667393 
95 0 0.0210938 0.353125 0.0421875 0.075 0.648317 
95 0 0.304688 0.353125 0.078125 0.065625 0.582918 
95 0 0.278125 0.295312 0.065625 0.05625 0.48296 
95 0 0.133594 0.385938 0.0921875 0.08125 0.479405 
95 0 0.164062 0.639844 0.1375 0.101562 0.430662 
