964 0 0.33125 0.35625 0.08125 0.0625 0.821555 
964 0 0.244531 0.375781 0.0765625 0.0703125 0.777623 
964 0 0.771875 0.451562 0.10625 0.075 0.764201 
964 0 0.114844 0.33125 0.0796875 0.06875 0.753285 
964 0 0.06875 0.609375 0.121875 0.09375 0.730903 
964 0 0.814062 0.336719 0.065625 0.0703125 0.72313 
964 0 0.2 0.289062 0.06875 0.059375 0.7146 
964 0 0.707031 0.379687 0.0796875 0.059375 0.712241 
964 0 0.207813 0.666406 0.13125 0.0953125 0.59079 
964 0 0.761719 0.330469 0.0609375 0.0578125 0.573397 
964 0 0.742969 0.411719 0.0921875 0.0640625 0.504787 
964 0 0.0601562 0.285937 0.0703125 0.059375 0.470015 
