974 0 0.398438 0.496094 0.10625 0.0859375 0.841576 
974 0 0.650781 0.521875 0.120312 0.096875 0.837984 
974 0 0.117188 0.628906 0.175 0.135937 0.804483 
974 0 0.090625 0.355469 0.08125 0.0703125 0.773291 
974 0 0.25 0.373437 0.075 0.06875 0.735094 
974 0 0.369531 0.283594 0.0734375 0.0609375 0.734995 
974 0 0.260156 0.517969 0.120312 0.117188 0.698306 
974 0 0.178906 0.473437 0.0890625 0.078125 0.695141 
974 0 0.796094 0.349219 0.0609375 0.0640625 0.664013 
974 0 0.757031 0.3375 0.0640625 0.0625 0.659202 
974 0 0.216406 0.421875 0.0859375 0.071875 0.656031 
974 1 0.88125 0.330469 0.1125 0.110937 0.493639 
974 0 0.140625 0.340625 0.071875 0.065625 0.461207 
974 0 0.0546875 0.310937 0.071875 0.065625 0.441281 
974 0 0.188281 0.374219 0.0828125 0.0734375 0.426115 
