976 0 0.146094 0.499219 0.101562 0.0859375 0.853049 
976 0 0.8625 0.352344 0.06875 0.0671875 0.820766 
976 0 0.207031 0.409375 0.101562 0.08125 0.816113 
976 0 0.627344 0.402344 0.0984375 0.0734375 0.815472 
976 0 0.280469 0.38125 0.0859375 0.071875 0.786734 
976 0 0.145313 0.641406 0.13125 0.0984375 0.783492 
976 0 0.0929687 0.40625 0.0953125 0.0875 0.782965 
976 0 0.0523437 0.616406 0.101562 0.126563 0.757233 
976 0 0.292969 0.323438 0.0828125 0.06875 0.74322 
976 0 0.0328125 0.425781 0.065625 0.0796875 0.732405 
976 0 0.422656 0.521875 0.107813 0.10625 0.722681 
976 0 0.494531 0.333594 0.101562 0.0796875 0.714915 
976 0 0.0296875 0.24375 0.05625 0.059375 0.623726 
976 0 0.0726563 0.339063 0.0765625 0.065625 0.57978 
976 0 0.16875 0.366406 0.08125 0.0734375 0.561809 
976 0 0.0242187 0.357031 0.0484375 0.0765625 0.540236 
976 0 0.10625 0.299219 0.065625 0.0578125 0.532478 
976 0 0.259375 0.295312 0.059375 0.05 0.513739 
976 0 0.489062 0.503125 0.115625 0.109375 0.423754 
