977 0 0.267969 0.375781 0.0859375 0.0796875 0.827295 
977 0 0.129688 0.335156 0.08125 0.0828125 0.777427 
977 0 0.753125 0.330469 0.071875 0.0796875 0.768209 
977 0 0.158594 0.634375 0.123438 0.1 0.76723 
977 0 0.195312 0.383594 0.08125 0.0734375 0.762664 
977 0 0.404687 0.288281 0.075 0.0609375 0.725112 
977 0 0.871094 0.353906 0.0671875 0.0640625 0.69424 
977 0 0.0867188 0.608594 0.114063 0.0953125 0.610349 
977 0 0.0171875 0.380469 0.034375 0.0890625 0.518969 
977 0 0.825 0.34375 0.0625 0.065625 0.45057 
