986 0 0.870313 0.39375 0.065625 0.06875 0.737333 
986 0 0.140625 0.390625 0.090625 0.0875 0.669296 
986 1 0.147656 0.617969 0.295312 0.251563 0.667516 
986 0 0.321875 0.579687 0.09375 0.0875 0.655182 
986 0 0.0929687 0.330469 0.0671875 0.0609375 0.610743 
986 0 0.235156 0.370313 0.0734375 0.071875 0.606665 
986 0 0.0429688 0.440625 0.0859375 0.084375 0.579132 
986 1 0.675781 0.469531 0.142188 0.135937 0.539515 
986 0 0.0242187 0.452344 0.0484375 0.0796875 0.425339 
986 0 0.189063 0.376563 0.08125 0.08125 0.416775 
