987 0 0.365625 0.482031 0.1 0.0859375 0.861143 
987 0 0.623438 0.513281 0.13125 0.0984375 0.859695 
987 0 0.113281 0.492969 0.107813 0.0890625 0.844415 
987 0 0.0390625 0.392969 0.078125 0.0890625 0.808497 
987 0 0.258594 0.375781 0.0859375 0.0734375 0.804422 
987 0 0.683594 0.378906 0.0921875 0.0671875 0.790329 
987 0 0.440625 0.378906 0.09375 0.0734375 0.771919 
987 1 0.873438 0.332031 0.121875 0.120312 0.683764 
987 0 0.555469 0.382031 0.0890625 0.0734375 0.624956 
987 0 0.321094 0.434375 0.0953125 0.08125 0.557811 
987 0 0.889844 0.46875 0.101562 0.078125 0.534111 
987 0 0.0742188 0.271875 0.0734375 0.06875 0.45791 
987 0 0.146875 0.269531 0.06875 0.0609375 0.457363 
