990 0 0.725781 0.539062 0.129688 0.090625 0.823067 
990 0 0.0648438 0.44375 0.0890625 0.08125 0.822648 
990 0 0.722656 0.405469 0.0921875 0.0671875 0.770504 
990 0 0.0664062 0.348437 0.0796875 0.065625 0.753094 
990 0 0.510938 0.555469 0.1125 0.0921875 0.701016 
990 0 0.160156 0.4375 0.0890625 0.071875 0.692189 
990 0 0.217187 0.653906 0.15 0.117188 0.672818 
990 0 0.191406 0.375781 0.0890625 0.0828125 0.646631 
990 0 0.250781 0.364844 0.0828125 0.0859375 0.599249 
990 0 0.117188 0.333594 0.08125 0.0734375 0.555208 
990 0 0.196094 0.278125 0.0953125 0.084375 0.533082 
990 0 0.442187 0.338281 0.096875 0.0765625 0.531247 
