996 0 0.0726563 0.621094 0.135937 0.0921875 0.820645 
996 0 0.867969 0.351562 0.0703125 0.071875 0.796837 
996 0 0.808594 0.5875 0.123438 0.096875 0.760403 
996 0 0.0789063 0.384375 0.0828125 0.075 0.749161 
996 0 0.398438 0.3375 0.084375 0.065625 0.737233 
996 0 0.41875 0.458594 0.096875 0.0984375 0.714204 
996 0 0.764063 0.334375 0.065625 0.0625 0.660924 
996 0 0.526563 0.334375 0.10625 0.084375 0.60042 
996 0 0.021875 0.279687 0.040625 0.059375 0.583022 
996 0 0.810938 0.346094 0.0625 0.0640625 0.531949 
